rental_id,member_id,workstation_id,session_start,session_end,duration_hours,base_hourly_rate,member_tier_applied,tier_discount_pct,final_hourly_rate,gross_rental_amount,points_redeemed,points_credit_value,net_amount_paid,points_accrued,payment_method
SESS-20260715-6060-0180,M-1748,PC-138,2026-07-15T02:15:00+08:00,2026-07-15T04:15:00+08:00,2.00,80.00,Silver,0.10,72.00,144.00,0,0.00,144.00,18,Maya
SESS-20260715-6170-0173,M-1526,PC-066,2026-07-15T03:10:00+08:00,2026-07-15T06:10:00+08:00,3.00,50.00,Silver,0.10,45.00,135.00,0,0.00,135.00,16,Cash
SESS-20260715-8143-0061,M-1981,PC-156,2026-07-15T03:30:00+08:00,2026-07-15T06:30:00+08:00,3.00,120.00,Standard,0.00,120.00,360.00,0,0.00,360.00,36,Maya
SESS-20260715-3284-0006,M-1023,PC-147,2026-07-15T04:00:00+08:00,2026-07-15T07:00:00+08:00,3.00,80.00,Standard,0.00,80.00,240.00,0,0.00,240.00,24,GCash
SESS-20260715-7251-0027,M-1311,PC-175,2026-07-15T04:00:00+08:00,2026-07-15T07:00:00+08:00,3.00,120.00,Standard,0.00,120.00,360.00,0,0.00,360.00,36,GCash
SESS-20260715-2815-0261,M-1038,PC-140,2026-07-15T04:15:00+08:00,2026-07-15T05:15:00+08:00,1.00,80.00,Silver,0.10,72.00,72.00,0,0.00,72.00,9,Cash
SESS-20260715-3846-0360,M-1226,PC-002,2026-07-15T04:25:00+08:00,2026-07-15T07:25:00+08:00,3.00,50.00,Gold,0.20,40.00,120.00,0,0.00,120.00,18,Cash
SESS-20260715-4136-0041,M-1408,PC-172,2026-07-15T04:55:00+08:00,2026-07-15T06:55:00+08:00,2.00,120.00,Silver,0.10,108.00,216.00,0,0.00,216.00,27,Credit Card
SESS-20260715-3425-0401,M-1128,PC-002,2026-07-15T07:35:00+08:00,2026-07-15T09:35:00+08:00,2.00,50.00,Silver,0.10,45.00,90.00,0,0.00,90.00,11,Credit Card
SESS-20260715-5150-0010,M-1764,PC-009,2026-07-15T08:00:00+08:00,2026-07-15T10:00:00+08:00,2.00,50.00,Silver,0.10,45.00,90.00,0,0.00,90.00,11,Credit Card
SESS-20260715-5996-0022,M-1256,PC-121,2026-07-15T08:00:00+08:00,2026-07-15T11:00:00+08:00,3.00,80.00,Silver,0.10,72.00,216.00,100,50.00,166.00,20,Maya
SESS-20260715-8295-0092,M-1138,PC-125,2026-07-15T08:00:00+08:00,2026-07-15T11:00:00+08:00,3.00,80.00,Silver,0.10,72.00,216.00,0,0.00,216.00,27,Maya
SESS-20260715-8026-0108,M-1813,PC-166,2026-07-15T08:00:00+08:00,2026-07-15T11:00:00+08:00,3.00,120.00,Silver,0.10,108.00,324.00,0,0.00,324.00,40,Cash
SESS-20260715-7432-0193,M-1246,PC-134,2026-07-15T08:15:00+08:00,2026-07-15T11:15:00+08:00,3.00,80.00,Silver,0.10,72.00,216.00,0,0.00,216.00,27,Cash
SESS-20260715-5457-0337,M-1654,PC-129,2026-07-15T08:15:00+08:00,2026-07-15T10:15:00+08:00,2.00,80.00,Standard,0.00,80.00,160.00,100,50.00,110.00,11,Maya
SESS-20260715-1156-0057,M-2025,PC-021,2026-07-15T08:45:00+08:00,2026-07-15T11:45:00+08:00,3.00,50.00,Standard,0.00,50.00,150.00,100,50.00,100.00,10,Maya
SESS-20260715-3730-0305,M-1626,PC-173,2026-07-15T08:45:00+08:00,2026-07-15T11:45:00+08:00,3.00,120.00,Standard,0.00,120.00,360.00,100,50.00,310.00,31,Maya
SESS-20260715-2097-0003,M-1162,PC-031,2026-07-15T09:00:00+08:00,2026-07-15T10:00:00+08:00,1.00,50.00,Silver,0.10,45.00,45.00,0,0.00,45.00,5,GCash
SESS-20260715-6778-0072,M-1464,PC-094,2026-07-15T09:00:00+08:00,2026-07-15T12:00:00+08:00,3.00,50.00,Silver,0.10,45.00,135.00,0,0.00,135.00,16,GCash
SESS-20260715-5472-0345,M-1671,PC-071,2026-07-15T09:15:00+08:00,2026-07-15T17:15:00+08:00,8.00,50.00,Silver,0.10,45.00,360.00,100,50.00,310.00,38,Cash
SESS-20260715-8813-0009,M-1153,PC-027,2026-07-15T10:00:00+08:00,2026-07-15T12:00:00+08:00,2.00,50.00,Standard,0.00,50.00,100.00,0,0.00,100.00,10,Cash
SESS-20260715-6838-0169,M-1656,PC-172,2026-07-15T10:00:00+08:00,2026-07-15T13:00:00+08:00,3.00,120.00,Silver,0.10,108.00,324.00,0,0.00,324.00,40,GCash
SESS-20260715-1088-0222,M-1290,PC-142,2026-07-15T10:15:00+08:00,2026-07-15T11:15:00+08:00,1.00,80.00,Silver,0.10,72.00,72.00,0,0.00,72.00,9,GCash
SESS-20260715-6145-0324,M-1468,PC-014,2026-07-15T10:15:00+08:00,2026-07-15T15:15:00+08:00,5.00,50.00,Silver,0.10,45.00,225.00,0,0.00,225.00,28,GCash
SESS-20260715-8912-0137,M-1157,PC-022,2026-07-15T10:30:00+08:00,2026-07-15T13:30:00+08:00,3.00,50.00,Standard,0.00,50.00,150.00,0,0.00,150.00,15,Maya
SESS-20260715-6807-0181,M-1130,PC-059,2026-07-15T10:30:00+08:00,2026-07-15T11:30:00+08:00,1.00,50.00,Silver,0.10,45.00,45.00,0,0.00,45.00,5,GCash
SESS-20260715-7830-0017,M-1786,PC-095,2026-07-15T11:30:00+08:00,2026-07-15T14:30:00+08:00,3.00,50.00,Gold,0.20,40.00,120.00,0,0.00,120.00,18,Cash
SESS-20260715-7357-0024,M-1402,PC-092,2026-07-15T12:00:00+08:00,2026-07-15T15:00:00+08:00,3.00,50.00,Silver,0.10,45.00,135.00,100,50.00,85.00,10,GCash
SESS-20260715-7472-0054,M-1633,PC-037,2026-07-15T12:00:00+08:00,2026-07-15T14:00:00+08:00,2.00,50.00,Silver,0.10,45.00,90.00,0,0.00,90.00,11,GCash
SESS-20260715-7394-0099,M-1693,PC-094,2026-07-15T12:05:00+08:00,2026-07-15T14:05:00+08:00,2.00,50.00,Silver,0.10,45.00,90.00,0,0.00,90.00,11,GCash
SESS-20260715-6012-0171,M-1520,PC-103,2026-07-15T12:45:00+08:00,2026-07-15T14:45:00+08:00,2.00,80.00,Gold,0.20,64.00,128.00,0,0.00,128.00,19,GCash
SESS-20260715-2172-0050,M-1532,PC-074,2026-07-15T13:00:00+08:00,2026-07-15T15:00:00+08:00,2.00,50.00,Standard,0.00,50.00,100.00,0,0.00,100.00,10,GCash
SESS-20260715-9876-0066,M-1672,PC-162,2026-07-15T13:00:00+08:00,2026-07-15T15:00:00+08:00,2.00,120.00,Standard,0.00,120.00,240.00,0,0.00,240.00,24,Cash
SESS-20260715-1710-0150,M-1851,PC-096,2026-07-15T13:00:00+08:00,2026-07-15T15:00:00+08:00,2.00,50.00,Standard,0.00,50.00,100.00,0,0.00,100.00,10,GCash
SESS-20260715-5094-0182,M-1040,PC-028,2026-07-15T13:00:00+08:00,2026-07-15T14:00:00+08:00,1.00,50.00,Silver,0.10,45.00,45.00,0,0.00,45.00,5,GCash
SESS-20260715-2976-0420,M-1175,PC-070,2026-07-15T13:00:00+08:00,2026-07-15T21:00:00+08:00,8.00,50.00,Silver,0.10,45.00,360.00,0,0.00,360.00,45,Maya
SESS-20260715-2865-0164,M-1708,PC-044,2026-07-15T13:15:00+08:00,2026-07-15T18:15:00+08:00,5.00,50.00,Silver,0.10,45.00,225.00,0,0.00,225.00,28,Cash
SESS-20260715-3011-0004,M-1205,PC-120,2026-07-15T13:30:00+08:00,2026-07-15T14:30:00+08:00,1.00,80.00,Silver,0.10,72.00,72.00,100,50.00,22.00,2,GCash
SESS-20260715-4577-0032,M-1330,PC-105,2026-07-15T13:30:00+08:00,2026-07-15T18:30:00+08:00,5.00,80.00,Gold,0.20,64.00,320.00,0,0.00,320.00,48,GCash
SESS-20260715-1728-0058,M-1443,PC-164,2026-07-15T13:30:00+08:00,2026-07-15T15:30:00+08:00,2.00,120.00,Silver,0.10,108.00,216.00,0,0.00,216.00,27,Cash
SESS-20260715-3464-0113,M-1652,PC-076,2026-07-15T13:30:00+08:00,2026-07-15T16:30:00+08:00,3.00,50.00,Standard,0.00,50.00,150.00,0,0.00,150.00,15,Cash
SESS-20260715-7029-0015,M-1169,PC-060,2026-07-15T13:45:00+08:00,2026-07-15T15:45:00+08:00,2.00,50.00,Silver,0.10,45.00,90.00,0,0.00,90.00,11,GCash
SESS-20260715-1280-0055,M-1186,PC-003,2026-07-15T13:45:00+08:00,2026-07-15T16:45:00+08:00,3.00,50.00,Silver,0.10,45.00,135.00,0,0.00,135.00,16,Maya
SESS-20260715-1560-0075,M-1743,PC-006,2026-07-15T13:45:00+08:00,2026-07-15T15:45:00+08:00,2.00,50.00,Silver,0.10,45.00,90.00,0,0.00,90.00,11,GCash
SESS-20260715-7934-0145,M-1983,PC-143,2026-07-15T13:45:00+08:00,2026-07-15T14:45:00+08:00,1.00,80.00,Standard,0.00,80.00,80.00,0,0.00,80.00,8,Credit Card
SESS-20260715-2010-0031,M-1231,PC-064,2026-07-15T14:00:00+08:00,2026-07-15T15:00:00+08:00,1.00,50.00,Standard,0.00,50.00,50.00,100,50.00,0.00,0,GCash
SESS-20260715-4015-0038,M-1715,PC-128,2026-07-15T14:00:00+08:00,2026-07-15T15:00:00+08:00,1.00,80.00,Silver,0.10,72.00,72.00,0,0.00,72.00,9,GCash
SESS-20260715-3294-0053,M-1670,PC-169,2026-07-15T14:00:00+08:00,2026-07-15T17:00:00+08:00,3.00,120.00,Silver,0.10,108.00,324.00,0,0.00,324.00,40,GCash
SESS-20260715-6951-0243,M-1144,PC-126,2026-07-15T14:00:00+08:00,2026-07-15T16:00:00+08:00,2.00,80.00,Standard,0.00,80.00,160.00,0,0.00,160.00,16,Cash
SESS-20260715-9646-0297,M-1346,PC-153,2026-07-15T14:00:00+08:00,2026-07-15T16:00:00+08:00,2.00,120.00,Silver,0.10,108.00,216.00,0,0.00,216.00,27,GCash
SESS-20260715-1579-0315,M-1347,PC-042,2026-07-15T14:00:00+08:00,2026-07-15T16:00:00+08:00,2.00,50.00,Gold,0.20,40.00,80.00,0,0.00,80.00,12,GCash
SESS-20260715-5921-0218,M-1383,PC-094,2026-07-15T14:10:00+08:00,2026-07-15T17:10:00+08:00,3.00,50.00,Standard,0.00,50.00,150.00,100,50.00,100.00,10,Credit Card
SESS-20260715-4845-0144,M-1070,PC-035,2026-07-15T14:15:00+08:00,2026-07-15T16:15:00+08:00,2.00,50.00,Silver,0.10,45.00,90.00,0,0.00,90.00,11,Maya
SESS-20260715-4931-0008,M-1055,PC-146,2026-07-15T14:30:00+08:00,2026-07-15T15:30:00+08:00,1.00,80.00,Standard,0.00,80.00,80.00,0,0.00,80.00,8,GCash
SESS-20260715-3467-0087,M-1117,PC-102,2026-07-15T14:30:00+08:00,2026-07-15T15:30:00+08:00,1.00,80.00,Standard,0.00,80.00,80.00,100,50.00,30.00,3,GCash
SESS-20260715-7952-0168,M-1981,PC-114,2026-07-15T14:30:00+08:00,2026-07-15T19:30:00+08:00,5.00,80.00,Standard,0.00,80.00,400.00,0,0.00,400.00,40,Cash
SESS-20260715-7817-0198,M-1533,PC-052,2026-07-15T14:30:00+08:00,2026-07-15T22:30:00+08:00,8.00,50.00,Silver,0.10,45.00,360.00,0,0.00,360.00,45,Cash
SESS-20260715-2669-0049,M-1092,PC-148,2026-07-15T14:45:00+08:00,2026-07-15T16:45:00+08:00,2.00,80.00,Standard,0.00,80.00,160.00,0,0.00,160.00,16,Cash
SESS-20260715-4689-0155,M-1167,PC-131,2026-07-15T14:45:00+08:00,2026-07-15T16:45:00+08:00,2.00,80.00,Gold,0.20,64.00,128.00,0,0.00,128.00,19,Credit Card
SESS-20260715-6475-0109,M-1666,PC-046,2026-07-15T15:00:00+08:00,2026-07-15T20:00:00+08:00,5.00,50.00,Standard,0.00,50.00,250.00,0,0.00,250.00,25,Maya
SESS-20260715-8365-0090,M-1336,PC-001,2026-07-15T15:15:00+08:00,2026-07-15T18:15:00+08:00,3.00,50.00,Silver,0.10,45.00,135.00,200,100.00,35.00,4,GCash
SESS-20260715-9761-0135,M-1177,PC-109,2026-07-15T15:15:00+08:00,2026-07-15T18:15:00+08:00,3.00,80.00,Silver,0.10,72.00,216.00,0,0.00,216.00,27,Credit Card
SESS-20260715-9797-0138,M-1672,PC-023,2026-07-15T15:15:00+08:00,2026-07-15T17:15:00+08:00,2.00,50.00,Standard,0.00,50.00,100.00,0,0.00,100.00,10,Cash
SESS-20260715-6588-0081,M-1192,PC-157,2026-07-15T15:30:00+08:00,2026-07-15T16:30:00+08:00,1.00,120.00,Silver,0.10,108.00,108.00,0,0.00,108.00,13,Cash
SESS-20260715-1287-0190,M-2159,PC-024,2026-07-15T15:30:00+08:00,2026-07-15T20:30:00+08:00,5.00,50.00,Standard,0.00,50.00,250.00,0,0.00,250.00,25,Credit Card
SESS-20260715-4391-0083,M-1540,PC-104,2026-07-15T15:45:00+08:00,2026-07-15T18:45:00+08:00,3.00,80.00,Silver,0.10,72.00,216.00,0,0.00,216.00,27,Cash
SESS-20260715-5161-0086,M-1760,PC-026,2026-07-15T15:45:00+08:00,2026-07-15T20:45:00+08:00,5.00,50.00,Standard,0.00,50.00,250.00,100,50.00,200.00,20,GCash
SESS-20260715-6720-0219,M-1093,PC-118,2026-07-15T15:45:00+08:00,2026-07-15T17:45:00+08:00,2.00,80.00,Silver,0.10,72.00,144.00,0,0.00,144.00,18,GCash
SESS-20260715-3643-0245,M-1737,PC-164,2026-07-15T15:45:00+08:00,2026-07-15T17:45:00+08:00,2.00,120.00,Standard,0.00,120.00,240.00,0,0.00,240.00,24,Cash
SESS-20260715-9839-0263,M-1312,PC-005,2026-07-15T15:45:00+08:00,2026-07-15T17:45:00+08:00,2.00,50.00,Silver,0.10,45.00,90.00,0,0.00,90.00,11,Cash
SESS-20260715-6699-0132,M-1936,PC-006,2026-07-15T15:55:00+08:00,2026-07-15T16:55:00+08:00,1.00,50.00,Standard,0.00,50.00,50.00,0,0.00,50.00,5,Maya
SESS-20260715-3639-0029,M-1373,PC-060,2026-07-15T16:00:00+08:00,2026-07-15T17:00:00+08:00,1.00,50.00,Silver,0.10,45.00,45.00,0,0.00,45.00,5,GCash
SESS-20260715-3832-0033,M-1233,PC-119,2026-07-15T16:00:00+08:00,2026-07-15T17:00:00+08:00,1.00,80.00,Silver,0.10,72.00,72.00,100,50.00,22.00,2,GCash
SESS-20260715-1288-0084,M-1610,PC-110,2026-07-15T16:00:00+08:00,2026-07-15T17:00:00+08:00,1.00,80.00,Silver,0.10,72.00,72.00,100,50.00,22.00,2,Cash
SESS-20260715-9306-0224,M-1342,PC-022,2026-07-15T16:00:00+08:00,2026-07-15T18:00:00+08:00,2.00,50.00,Standard,0.00,50.00,100.00,0,0.00,100.00,10,Cash
SESS-20260715-7165-0352,M-1751,PC-129,2026-07-15T16:00:00+08:00,2026-07-15T19:00:00+08:00,3.00,80.00,Silver,0.10,72.00,216.00,100,50.00,166.00,20,Cash
SESS-20260715-8325-0350,M-1774,PC-153,2026-07-15T16:05:00+08:00,2026-07-15T17:05:00+08:00,1.00,120.00,Silver,0.10,108.00,108.00,0,0.00,108.00,13,Cash
SESS-20260715-9319-0013,M-1689,PC-016,2026-07-15T16:15:00+08:00,2026-07-15T21:15:00+08:00,5.00,50.00,Silver,0.10,45.00,225.00,0,0.00,225.00,28,Credit Card
SESS-20260715-2579-0065,M-1047,PC-020,2026-07-15T16:15:00+08:00,2026-07-15T18:15:00+08:00,2.00,50.00,Standard,0.00,50.00,100.00,0,0.00,100.00,10,Maya
SESS-20260715-8855-0151,M-1183,PC-090,2026-07-15T16:15:00+08:00,2026-07-15T18:15:00+08:00,2.00,50.00,Standard,0.00,50.00,100.00,0,0.00,100.00,10,Cash
SESS-20260715-9386-0188,M-2002,PC-063,2026-07-15T16:15:00+08:00,2026-07-15T19:15:00+08:00,3.00,50.00,Standard,0.00,50.00,150.00,0,0.00,150.00,15,GCash
SESS-20260715-1425-0255,M-1313,PC-058,2026-07-15T16:15:00+08:00,2026-07-15T17:15:00+08:00,1.00,50.00,Silver,0.10,45.00,45.00,0,0.00,45.00,5,Maya
SESS-20260715-5935-0308,M-1184,PC-130,2026-07-15T16:15:00+08:00,2026-07-15T18:15:00+08:00,2.00,80.00,Gold,0.20,64.00,128.00,0,0.00,128.00,19,GCash
SESS-20260715-5585-0258,M-1501,PC-145,2026-07-15T16:30:00+08:00,2026-07-16T00:30:00+08:00,8.00,80.00,Silver,0.10,72.00,576.00,0,0.00,576.00,72,Cash
SESS-20260715-3909-0314,M-1238,PC-122,2026-07-15T16:30:00+08:00,2026-07-15T21:30:00+08:00,5.00,80.00,Silver,0.10,72.00,360.00,0,0.00,360.00,45,GCash
SESS-20260715-6235-0377,M-1269,PC-142,2026-07-15T16:30:00+08:00,2026-07-15T21:30:00+08:00,5.00,80.00,Silver,0.10,72.00,360.00,0,0.00,360.00,45,Credit Card
SESS-20260715-4965-0154,M-1838,PC-076,2026-07-15T16:35:00+08:00,2026-07-15T17:35:00+08:00,1.00,50.00,Silver,0.10,45.00,45.00,0,0.00,45.00,5,GCash
SESS-20260715-9265-0020,M-1051,PC-089,2026-07-15T16:45:00+08:00,2026-07-15T18:45:00+08:00,2.00,50.00,Silver,0.10,45.00,90.00,0,0.00,90.00,11,GCash
SESS-20260715-1020-0088,M-1299,PC-095,2026-07-15T16:45:00+08:00,2026-07-15T18:45:00+08:00,2.00,50.00,Silver,0.10,45.00,90.00,100,50.00,40.00,5,GCash
SESS-20260715-3448-0355,M-1362,PC-073,2026-07-15T16:45:00+08:00,2026-07-15T19:45:00+08:00,3.00,50.00,Silver,0.10,45.00,135.00,0,0.00,135.00,16,Cash
SESS-20260715-5416-0379,M-1293,PC-132,2026-07-15T16:45:00+08:00,2026-07-15T21:45:00+08:00,5.00,80.00,Silver,0.10,72.00,360.00,0,0.00,360.00,45,Credit Card
SESS-20260715-1716-0394,M-1397,PC-085,2026-07-15T16:45:00+08:00,2026-07-15T17:45:00+08:00,1.00,50.00,Silver,0.10,45.00,45.00,0,0.00,45.00,5,Credit Card
SESS-20260715-7725-0221,M-1170,PC-131,2026-07-15T16:50:00+08:00,2026-07-15T19:50:00+08:00,3.00,80.00,Silver,0.10,72.00,216.00,0,0.00,216.00,27,GCash
SESS-20260715-8537-0002,M-1181,PC-124,2026-07-15T17:00:00+08:00,2026-07-15T20:00:00+08:00,3.00,80.00,Silver,0.10,72.00,216.00,0,0.00,216.00,27,GCash
SESS-20260715-5867-0060,M-1171,PC-148,2026-07-15T17:00:00+08:00,2026-07-15T19:00:00+08:00,2.00,80.00,Silver,0.10,72.00,144.00,0,0.00,144.00,18,GCash
SESS-20260715-8701-0070,M-1547,PC-004,2026-07-15T17:00:00+08:00,2026-07-15T19:00:00+08:00,2.00,50.00,Silver,0.10,45.00,90.00,0,0.00,90.00,11,Maya
SESS-20260715-5969-0096,M-1120,PC-060,2026-07-15T17:00:00+08:00,2026-07-15T19:00:00+08:00,2.00,50.00,Silver,0.10,45.00,90.00,0,0.00,90.00,11,Credit Card
SESS-20260715-5657-0162,M-1747,PC-150,2026-07-15T17:00:00+08:00,2026-07-15T19:00:00+08:00,2.00,80.00,Standard,0.00,80.00,160.00,0,0.00,160.00,16,Maya
SESS-20260715-9256-0176,M-2167,PC-018,2026-07-15T17:00:00+08:00,2026-07-15T18:00:00+08:00,1.00,50.00,Standard,0.00,50.00,50.00,0,0.00,50.00,5,GCash
SESS-20260715-2432-0195,M-1040,PC-112,2026-07-15T17:00:00+08:00,2026-07-15T22:00:00+08:00,5.00,80.00,Silver,0.10,72.00,360.00,0,0.00,360.00,45,GCash
SESS-20260715-7862-0307,M-1819,PC-010,2026-07-15T17:00:00+08:00,2026-07-15T20:00:00+08:00,3.00,50.00,Silver,0.10,45.00,135.00,0,0.00,135.00,16,Cash
SESS-20260715-7615-0372,M-1399,PC-006,2026-07-15T17:05:00+08:00,2026-07-15T19:05:00+08:00,2.00,50.00,Silver,0.10,45.00,90.00,0,0.00,90.00,11,Maya
SESS-20260715-4480-0289,M-1022,PC-169,2026-07-15T17:10:00+08:00,2026-07-15T18:10:00+08:00,1.00,120.00,Silver,0.10,108.00,108.00,100,50.00,58.00,7,Credit Card
SESS-20260715-2742-0043,M-1711,PC-069,2026-07-15T17:15:00+08:00,2026-07-15T22:15:00+08:00,5.00,50.00,Silver,0.10,45.00,225.00,0,0.00,225.00,28,Cash
SESS-20260715-2594-0116,M-1337,PC-110,2026-07-15T17:15:00+08:00,2026-07-15T19:15:00+08:00,2.00,80.00,Silver,0.10,72.00,144.00,200,100.00,44.00,5,GCash
SESS-20260715-3910-0340,M-1427,PC-173,2026-07-15T17:15:00+08:00,2026-07-15T19:15:00+08:00,2.00,120.00,Standard,0.00,120.00,240.00,0,0.00,240.00,24,Cash
SESS-20260715-9618-0281,M-2053,PC-094,2026-07-15T17:25:00+08:00,2026-07-16T01:25:00+08:00,8.00,50.00,Standard,0.00,50.00,400.00,0,0.00,400.00,40,GCash
SESS-20260715-5161-0388,M-1578,PC-058,2026-07-15T17:25:00+08:00,2026-07-15T22:25:00+08:00,5.00,50.00,Silver,0.10,45.00,225.00,0,0.00,225.00,28,GCash
SESS-20260715-9283-0078,M-1100,PC-156,2026-07-15T17:30:00+08:00,2026-07-15T18:30:00+08:00,1.00,120.00,Silver,0.10,108.00,108.00,100,50.00,58.00,7,Maya
SESS-20260715-6534-0194,M-1231,PC-170,2026-07-15T17:30:00+08:00,2026-07-15T18:30:00+08:00,1.00,120.00,Standard,0.00,120.00,120.00,0,0.00,120.00,12,Credit Card
SESS-20260715-4992-0312,M-1351,PC-143,2026-07-15T17:30:00+08:00,2026-07-15T18:30:00+08:00,1.00,80.00,Standard,0.00,80.00,80.00,0,0.00,80.00,8,Cash
SESS-20260715-9798-0325,M-1292,PC-023,2026-07-15T17:30:00+08:00,2026-07-15T20:30:00+08:00,3.00,50.00,Silver,0.10,45.00,135.00,0,0.00,135.00,16,GCash
SESS-20260715-2364-0364,M-1328,PC-153,2026-07-15T17:30:00+08:00,2026-07-15T18:30:00+08:00,1.00,120.00,Standard,0.00,120.00,120.00,0,0.00,120.00,12,GCash
SESS-20260715-4509-0069,M-1469,PC-003,2026-07-15T17:45:00+08:00,2026-07-15T19:45:00+08:00,2.00,50.00,Silver,0.10,45.00,90.00,100,50.00,40.00,5,Credit Card
SESS-20260715-2215-0130,M-1565,PC-162,2026-07-15T17:45:00+08:00,2026-07-15T22:45:00+08:00,5.00,120.00,Silver,0.10,108.00,540.00,0,0.00,540.00,67,GCash
SESS-20260715-1921-0167,M-1450,PC-076,2026-07-15T17:45:00+08:00,2026-07-15T20:45:00+08:00,3.00,50.00,Silver,0.10,45.00,135.00,0,0.00,135.00,16,GCash
SESS-20260715-6979-0303,M-1369,PC-096,2026-07-15T17:45:00+08:00,2026-07-15T19:45:00+08:00,2.00,50.00,Silver,0.10,45.00,90.00,100,50.00,40.00,5,Credit Card
SESS-20260715-6896-0300,M-1309,PC-005,2026-07-15T17:55:00+08:00,2026-07-16T01:55:00+08:00,8.00,50.00,Standard,0.00,50.00,400.00,0,0.00,400.00,40,Credit Card
SESS-20260715-4762-0334,M-1297,PC-164,2026-07-15T17:55:00+08:00,2026-07-15T22:55:00+08:00,5.00,120.00,Silver,0.10,108.00,540.00,0,0.00,540.00,67,Credit Card
SESS-20260715-8814-0362,M-1384,PC-118,2026-07-15T17:55:00+08:00,2026-07-15T19:55:00+08:00,2.00,80.00,Gold,0.20,64.00,128.00,100,50.00,78.00,11,Maya
SESS-20260715-4611-0019,M-1172,PC-099,2026-07-15T18:00:00+08:00,2026-07-15T21:00:00+08:00,3.00,50.00,Silver,0.10,45.00,135.00,0,0.00,135.00,16,GCash
SESS-20260715-3923-0044,M-1615,PC-155,2026-07-15T18:00:00+08:00,2026-07-15T21:00:00+08:00,3.00,120.00,Silver,0.10,108.00,324.00,0,0.00,324.00,40,Cash
SESS-20260715-8742-0166,M-1818,PC-008,2026-07-15T18:00:00+08:00,2026-07-15T23:00:00+08:00,5.00,50.00,Silver,0.10,45.00,225.00,0,0.00,225.00,28,GCash
SESS-20260715-4244-0306,M-1715,PC-012,2026-07-15T18:00:00+08:00,2026-07-15T23:00:00+08:00,5.00,50.00,Silver,0.10,45.00,225.00,0,0.00,225.00,28,GCash
SESS-20260715-4078-0408,M-1376,PC-085,2026-07-15T18:00:00+08:00,2026-07-15T20:00:00+08:00,2.00,50.00,Silver,0.10,45.00,90.00,0,0.00,90.00,11,Maya
SESS-20260715-2964-0425,M-1551,PC-039,2026-07-15T18:00:00+08:00,2026-07-15T20:00:00+08:00,2.00,50.00,Silver,0.10,45.00,90.00,0,0.00,90.00,11,Cash
SESS-20260715-2262-0074,M-1793,PC-068,2026-07-15T18:15:00+08:00,2026-07-15T19:15:00+08:00,1.00,50.00,Gold,0.20,40.00,40.00,0,0.00,40.00,6,Maya
SESS-20260715-3113-0101,M-1710,PC-100,2026-07-15T18:15:00+08:00,2026-07-15T21:15:00+08:00,3.00,50.00,Standard,0.00,50.00,150.00,0,0.00,150.00,15,GCash
SESS-20260715-5357-0186,M-1173,PC-059,2026-07-15T18:15:00+08:00,2026-07-15T19:15:00+08:00,1.00,50.00,Gold,0.20,40.00,40.00,0,0.00,40.00,6,Maya
SESS-20260715-9607-0229,M-1988,PC-146,2026-07-15T18:15:00+08:00,2026-07-15T19:15:00+08:00,1.00,80.00,Standard,0.00,80.00,80.00,0,0.00,80.00,8,Credit Card
SESS-20260715-4436-0253,M-1466,PC-159,2026-07-15T18:15:00+08:00,2026-07-15T21:15:00+08:00,3.00,120.00,Gold,0.20,96.00,288.00,0,0.00,288.00,43,Cash
SESS-20260715-9904-0257,M-1809,PC-138,2026-07-15T18:15:00+08:00,2026-07-15T20:15:00+08:00,2.00,80.00,Silver,0.10,72.00,144.00,0,0.00,144.00,18,GCash
SESS-20260715-8982-0264,M-1646,PC-144,2026-07-15T18:15:00+08:00,2026-07-15T21:15:00+08:00,3.00,80.00,Silver,0.10,72.00,216.00,100,50.00,166.00,20,Maya
SESS-20260715-6919-0344,M-1786,PC-169,2026-07-15T18:15:00+08:00,2026-07-15T20:15:00+08:00,2.00,120.00,Gold,0.20,96.00,192.00,0,0.00,192.00,28,Cash
SESS-20260715-9543-0370,M-1324,PC-103,2026-07-15T18:15:00+08:00,2026-07-15T21:15:00+08:00,3.00,80.00,Standard,0.00,80.00,240.00,0,0.00,240.00,24,Cash
SESS-20260715-9770-0129,M-1794,PC-001,2026-07-15T18:20:00+08:00,2026-07-15T23:20:00+08:00,5.00,50.00,Standard,0.00,50.00,250.00,0,0.00,250.00,25,GCash
SESS-20260715-1058-0373,M-1730,PC-130,2026-07-15T18:20:00+08:00,2026-07-15T21:20:00+08:00,3.00,80.00,Standard,0.00,80.00,240.00,0,0.00,240.00,24,GCash
SESS-20260715-7200-0128,M-1559,PC-065,2026-07-15T18:30:00+08:00,2026-07-15T20:30:00+08:00,2.00,50.00,Standard,0.00,50.00,100.00,0,0.00,100.00,10,GCash
SESS-20260715-6223-0143,M-1361,PC-021,2026-07-15T18:30:00+08:00,2026-07-15T21:30:00+08:00,3.00,50.00,Silver,0.10,45.00,135.00,0,0.00,135.00,16,Maya
SESS-20260715-1040-0152,M-1534,PC-109,2026-07-15T18:30:00+08:00,2026-07-15T23:30:00+08:00,5.00,80.00,Silver,0.10,72.00,360.00,200,100.00,260.00,32,GCash
SESS-20260715-3930-0174,M-1720,PC-119,2026-07-15T18:30:00+08:00,2026-07-15T19:30:00+08:00,1.00,80.00,Silver,0.10,72.00,72.00,0,0.00,72.00,9,GCash
SESS-20260715-2953-0175,M-1424,PC-009,2026-07-15T18:30:00+08:00,2026-07-15T21:30:00+08:00,3.00,50.00,Standard,0.00,50.00,150.00,0,0.00,150.00,15,GCash
SESS-20260715-3311-0189,M-1154,PC-149,2026-07-15T18:30:00+08:00,2026-07-15T21:30:00+08:00,3.00,80.00,Silver,0.10,72.00,216.00,0,0.00,216.00,27,Cash
SESS-20260715-5013-0270,M-1645,PC-067,2026-07-15T18:30:00+08:00,2026-07-15T20:30:00+08:00,2.00,50.00,Standard,0.00,50.00,100.00,0,0.00,100.00,10,GCash
SESS-20260715-3559-0288,M-1457,PC-174,2026-07-15T18:30:00+08:00,2026-07-15T19:30:00+08:00,1.00,120.00,Standard,0.00,120.00,120.00,0,0.00,120.00,12,Cash
SESS-20260715-4587-0411,M-1712,PC-090,2026-07-15T18:30:00+08:00,2026-07-15T19:30:00+08:00,1.00,50.00,Silver,0.10,45.00,45.00,0,0.00,45.00,5,GCash
SESS-20260715-6654-0095,M-1577,PC-156,2026-07-15T18:40:00+08:00,2026-07-15T21:40:00+08:00,3.00,120.00,Silver,0.10,108.00,324.00,0,0.00,324.00,40,GCash
SESS-20260715-4047-0047,M-1541,PC-152,2026-07-15T18:45:00+08:00,2026-07-15T20:45:00+08:00,2.00,120.00,Silver,0.10,108.00,216.00,0,0.00,216.00,27,Cash
SESS-20260715-6105-0085,M-1743,PC-171,2026-07-15T18:45:00+08:00,2026-07-15T21:45:00+08:00,3.00,120.00,Silver,0.10,108.00,324.00,0,0.00,324.00,40,GCash
SESS-20260715-5676-0125,M-1680,PC-080,2026-07-15T18:45:00+08:00,2026-07-15T20:45:00+08:00,2.00,50.00,Silver,0.10,45.00,90.00,0,0.00,90.00,11,Cash
SESS-20260715-7879-0133,M-1619,PC-097,2026-07-15T18:45:00+08:00,2026-07-15T21:45:00+08:00,3.00,50.00,Standard,0.00,50.00,150.00,100,50.00,100.00,10,GCash
SESS-20260715-2490-0240,M-1854,PC-170,2026-07-15T18:45:00+08:00,2026-07-15T23:45:00+08:00,5.00,120.00,Standard,0.00,120.00,600.00,0,0.00,600.00,60,GCash
SESS-20260715-8763-0283,M-1567,PC-032,2026-07-15T18:45:00+08:00,2026-07-15T21:45:00+08:00,3.00,50.00,Silver,0.10,45.00,135.00,0,0.00,135.00,16,Maya
SESS-20260715-7472-0294,M-2085,PC-167,2026-07-15T18:45:00+08:00,2026-07-15T21:45:00+08:00,3.00,120.00,Standard,0.00,120.00,360.00,0,0.00,360.00,36,Cash
SESS-20260715-1242-0354,M-1003,PC-143,2026-07-15T18:45:00+08:00,2026-07-16T02:45:00+08:00,8.00,80.00,Silver,0.10,72.00,576.00,0,0.00,576.00,72,Maya
SESS-20260715-8402-0424,M-1674,PC-172,2026-07-15T18:45:00+08:00,2026-07-15T20:45:00+08:00,2.00,120.00,Silver,0.10,108.00,216.00,0,0.00,216.00,27,GCash
SESS-20260715-8222-0124,M-1490,PC-104,2026-07-15T18:55:00+08:00,2026-07-15T21:55:00+08:00,3.00,80.00,Standard,0.00,80.00,240.00,0,0.00,240.00,24,Cash
SESS-20260715-2536-0036,M-1586,PC-038,2026-07-15T19:00:00+08:00,2026-07-16T00:00:00+08:00,5.00,50.00,Silver,0.10,45.00,225.00,100,50.00,175.00,21,Cash
SESS-20260715-7430-0059,M-2079,PC-168,2026-07-15T19:00:00+08:00,2026-07-15T21:00:00+08:00,2.00,120.00,Standard,0.00,120.00,240.00,200,100.00,140.00,14,GCash
SESS-20260715-9587-0184,M-1041,PC-064,2026-07-15T19:00:00+08:00,2026-07-15T21:00:00+08:00,2.00,50.00,Gold,0.20,40.00,80.00,100,50.00,30.00,4,Maya
SESS-20260715-9043-0328,M-1456,PC-004,2026-07-15T19:05:00+08:00,2026-07-15T21:05:00+08:00,2.00,50.00,Silver,0.10,45.00,90.00,0,0.00,90.00,11,GCash
SESS-20260715-2612-0396,M-1485,PC-129,2026-07-15T19:05:00+08:00,2026-07-15T20:05:00+08:00,1.00,80.00,Silver,0.10,72.00,72.00,0,0.00,72.00,9,Credit Card
SESS-20260715-4471-0210,M-1418,PC-148,2026-07-15T19:10:00+08:00,2026-07-15T22:10:00+08:00,3.00,80.00,Standard,0.00,80.00,240.00,0,0.00,240.00,24,Maya
SESS-20260715-6033-0310,M-2023,PC-150,2026-07-15T19:10:00+08:00,2026-07-15T21:10:00+08:00,2.00,80.00,Standard,0.00,80.00,160.00,0,0.00,160.00,16,Maya
SESS-20260715-7150-0007,M-1205,PC-137,2026-07-15T19:15:00+08:00,2026-07-15T21:15:00+08:00,2.00,80.00,Silver,0.10,72.00,144.00,0,0.00,144.00,18,GCash
SESS-20260715-8204-0039,M-1353,PC-025,2026-07-15T19:15:00+08:00,2026-07-15T22:15:00+08:00,3.00,50.00,Silver,0.10,45.00,135.00,0,0.00,135.00,16,Cash
SESS-20260715-5862-0102,M-1724,PC-082,2026-07-15T19:15:00+08:00,2026-07-15T22:15:00+08:00,3.00,50.00,Standard,0.00,50.00,150.00,0,0.00,150.00,15,GCash
SESS-20260715-9552-0223,M-2071,PC-084,2026-07-15T19:15:00+08:00,2026-07-15T21:15:00+08:00,2.00,50.00,Standard,0.00,50.00,100.00,0,0.00,100.00,10,GCash
SESS-20260715-7350-0235,M-1845,PC-059,2026-07-15T19:20:00+08:00,2026-07-15T20:20:00+08:00,1.00,50.00,Standard,0.00,50.00,50.00,0,0.00,50.00,5,Maya
SESS-20260715-7470-0410,M-1060,PC-006,2026-07-15T19:20:00+08:00,2026-07-15T20:20:00+08:00,1.00,50.00,Silver,0.10,45.00,45.00,0,0.00,45.00,5,GCash
SESS-20260715-6948-0094,M-1131,PC-068,2026-07-15T19:25:00+08:00,2026-07-16T00:25:00+08:00,5.00,50.00,Silver,0.10,45.00,225.00,200,100.00,125.00,15,GCash
SESS-20260715-1083-0291,M-1270,PC-063,2026-07-15T19:25:00+08:00,2026-07-15T22:25:00+08:00,3.00,50.00,Silver,0.10,45.00,135.00,0,0.00,135.00,16,Cash
SESS-20260715-9249-0001,M-1211,PC-127,2026-07-15T19:30:00+08:00,2026-07-16T00:30:00+08:00,5.00,80.00,Silver,0.10,72.00,360.00,0,0.00,360.00,45,Cash
SESS-20260715-8870-0016,M-1965,PC-019,2026-07-15T19:30:00+08:00,2026-07-15T22:30:00+08:00,3.00,50.00,Standard,0.00,50.00,150.00,0,0.00,150.00,15,GCash
SESS-20260715-7010-0035,M-1073,PC-115,2026-07-15T19:30:00+08:00,2026-07-16T00:30:00+08:00,5.00,80.00,Standard,0.00,80.00,400.00,0,0.00,400.00,40,GCash
SESS-20260715-5862-0100,M-1514,PC-135,2026-07-15T19:30:00+08:00,2026-07-15T21:30:00+08:00,2.00,80.00,Silver,0.10,72.00,144.00,0,0.00,144.00,18,GCash
SESS-20260715-4091-0290,M-1312,PC-102,2026-07-15T19:30:00+08:00,2026-07-15T21:30:00+08:00,2.00,80.00,Silver,0.10,72.00,144.00,0,0.00,144.00,18,GCash
SESS-20260715-4339-0347,M-1452,PC-071,2026-07-15T19:30:00+08:00,2026-07-15T22:30:00+08:00,3.00,50.00,Silver,0.10,45.00,135.00,0,0.00,135.00,16,Cash
SESS-20260715-3292-0369,M-1569,PC-141,2026-07-15T19:30:00+08:00,2026-07-16T03:30:00+08:00,8.00,80.00,Silver,0.10,72.00,576.00,0,0.00,576.00,72,GCash
SESS-20260715-5018-0231,M-1066,PC-114,2026-07-15T19:40:00+08:00,2026-07-15T22:40:00+08:00,3.00,80.00,Standard,0.00,80.00,240.00,0,0.00,240.00,24,Maya
SESS-20260715-8855-0011,M-1968,PC-107,2026-07-15T19:45:00+08:00,2026-07-15T22:45:00+08:00,3.00,80.00,Standard,0.00,80.00,240.00,100,50.00,190.00,19,Maya
SESS-20260715-3928-0012,M-2033,PC-120,2026-07-15T19:45:00+08:00,2026-07-15T21:45:00+08:00,2.00,80.00,Standard,0.00,80.00,160.00,100,50.00,110.00,11,Maya
SESS-20260715-1236-0034,M-1465,PC-121,2026-07-15T19:45:00+08:00,2026-07-15T20:45:00+08:00,1.00,80.00,Silver,0.10,72.00,72.00,0,0.00,72.00,9,GCash
SESS-20260715-7806-0071,M-1788,PC-078,2026-07-15T19:45:00+08:00,2026-07-15T22:45:00+08:00,3.00,50.00,Silver,0.10,45.00,135.00,0,0.00,135.00,16,Cash
SESS-20260715-1822-0105,M-1505,PC-047,2026-07-15T19:45:00+08:00,2026-07-15T21:45:00+08:00,2.00,50.00,Silver,0.10,45.00,90.00,0,0.00,90.00,11,Maya
SESS-20260715-7790-0146,M-1193,PC-015,2026-07-15T19:45:00+08:00,2026-07-15T21:45:00+08:00,2.00,50.00,Standard,0.00,50.00,100.00,0,0.00,100.00,10,Cash
SESS-20260715-3074-0157,M-1430,PC-110,2026-07-15T19:45:00+08:00,2026-07-15T22:45:00+08:00,3.00,80.00,Gold,0.20,64.00,192.00,0,0.00,192.00,28,GCash
SESS-20260715-1144-0246,M-1693,PC-119,2026-07-15T19:45:00+08:00,2026-07-15T20:45:00+08:00,1.00,80.00,Silver,0.10,72.00,72.00,0,0.00,72.00,9,Cash
SESS-20260715-9881-0389,M-1043,PC-037,2026-07-15T19:45:00+08:00,2026-07-15T21:45:00+08:00,2.00,50.00,Gold,0.20,40.00,80.00,0,0.00,80.00,12,Maya
SESS-20260715-9852-0416,M-1143,PC-090,2026-07-15T19:45:00+08:00,2026-07-15T21:45:00+08:00,2.00,50.00,Gold,0.20,40.00,80.00,100,50.00,30.00,4,GCash
SESS-20260715-8928-0225,M-1957,PC-003,2026-07-15T19:50:00+08:00,2026-07-15T21:50:00+08:00,2.00,50.00,Standard,0.00,50.00,100.00,100,50.00,50.00,5,GCash
SESS-20260715-5304-0073,M-1764,PC-113,2026-07-15T20:00:00+08:00,2026-07-15T23:00:00+08:00,3.00,80.00,Silver,0.10,72.00,216.00,0,0.00,216.00,27,Cash
SESS-20260715-1004-0093,M-1746,PC-062,2026-07-15T20:00:00+08:00,2026-07-15T22:00:00+08:00,2.00,50.00,Standard,0.00,50.00,100.00,0,0.00,100.00,10,GCash
SESS-20260715-2217-0106,M-1101,PC-092,2026-07-15T20:00:00+08:00,2026-07-15T21:00:00+08:00,1.00,50.00,Silver,0.10,45.00,45.00,0,0.00,45.00,5,GCash
SESS-20260715-1279-0122,M-1037,PC-081,2026-07-15T20:00:00+08:00,2026-07-15T22:00:00+08:00,2.00,50.00,Silver,0.10,45.00,90.00,100,50.00,40.00,5,Maya
SESS-20260715-6443-0140,M-1479,PC-034,2026-07-15T20:00:00+08:00,2026-07-15T23:00:00+08:00,3.00,50.00,Gold,0.20,40.00,120.00,0,0.00,120.00,18,Maya
SESS-20260715-1094-0220,M-1289,PC-089,2026-07-15T20:00:00+08:00,2026-07-15T22:00:00+08:00,2.00,50.00,Standard,0.00,50.00,100.00,0,0.00,100.00,10,GCash
SESS-20260715-4473-0268,M-1670,PC-131,2026-07-15T20:00:00+08:00,2026-07-15T21:00:00+08:00,1.00,80.00,Silver,0.10,72.00,72.00,0,0.00,72.00,9,GCash
SESS-20260715-3335-0298,M-1717,PC-108,2026-07-15T20:00:00+08:00,2026-07-15T23:00:00+08:00,3.00,80.00,Silver,0.10,72.00,216.00,300,150.00,66.00,8,Cash
SESS-20260715-3259-0383,M-1008,PC-096,2026-07-15T20:00:00+08:00,2026-07-15T21:00:00+08:00,1.00,50.00,Silver,0.10,45.00,45.00,0,0.00,45.00,5,GCash
SESS-20260715-1265-0357,M-1826,PC-010,2026-07-15T20:05:00+08:00,2026-07-15T21:05:00+08:00,1.00,50.00,Standard,0.00,50.00,50.00,0,0.00,50.00,5,GCash
SESS-20260715-3617-0374,M-1170,PC-118,2026-07-15T20:10:00+08:00,2026-07-15T23:10:00+08:00,3.00,80.00,Silver,0.10,72.00,216.00,0,0.00,216.00,27,Maya
SESS-20260715-8653-0417,M-2146,PC-085,2026-07-15T20:10:00+08:00,2026-07-15T23:10:00+08:00,3.00,50.00,Standard,0.00,50.00,150.00,0,0.00,150.00,15,Cash
SESS-20260715-1888-0045,M-1014,PC-033,2026-07-15T20:15:00+08:00,2026-07-16T04:15:00+08:00,8.00,50.00,Silver,0.10,45.00,360.00,0,0.00,360.00,45,GCash
SESS-20260715-1699-0048,M-1230,PC-051,2026-07-15T20:15:00+08:00,2026-07-15T21:15:00+08:00,1.00,50.00,Silver,0.10,45.00,45.00,0,0.00,45.00,5,GCash
SESS-20260715-4035-0063,M-1779,PC-133,2026-07-15T20:15:00+08:00,2026-07-15T21:15:00+08:00,1.00,80.00,Silver,0.10,72.00,72.00,0,0.00,72.00,9,GCash
SESS-20260715-9707-0111,M-1209,PC-083,2026-07-15T20:15:00+08:00,2026-07-15T23:15:00+08:00,3.00,50.00,Gold,0.20,40.00,120.00,200,100.00,20.00,3,Credit Card
SESS-20260715-8855-0148,M-1380,PC-055,2026-07-15T20:15:00+08:00,2026-07-15T23:15:00+08:00,3.00,50.00,Silver,0.10,45.00,135.00,0,0.00,135.00,16,Cash
SESS-20260715-5536-0178,M-1540,PC-046,2026-07-15T20:15:00+08:00,2026-07-15T22:15:00+08:00,2.00,50.00,Silver,0.10,45.00,90.00,0,0.00,90.00,11,Cash
SESS-20260715-8547-0197,M-1643,PC-117,2026-07-15T20:15:00+08:00,2026-07-15T22:15:00+08:00,2.00,80.00,Silver,0.10,72.00,144.00,100,50.00,94.00,11,Maya
SESS-20260715-5212-0244,M-2100,PC-041,2026-07-15T20:15:00+08:00,2026-07-15T21:15:00+08:00,1.00,50.00,Standard,0.00,50.00,50.00,0,0.00,50.00,5,Cash
SESS-20260715-2376-0279,M-1496,PC-146,2026-07-15T20:15:00+08:00,2026-07-16T01:15:00+08:00,5.00,80.00,Silver,0.10,72.00,360.00,0,0.00,360.00,45,Maya
SESS-20260715-1093-0287,M-1105,PC-126,2026-07-15T20:15:00+08:00,2026-07-15T23:15:00+08:00,3.00,80.00,Silver,0.10,72.00,216.00,0,0.00,216.00,27,GCash
SESS-20260715-7258-0404,M-1517,PC-153,2026-07-15T20:15:00+08:00,2026-07-15T21:15:00+08:00,1.00,120.00,Standard,0.00,120.00,120.00,0,0.00,120.00,12,Cash
SESS-20260715-7645-0400,M-1870,PC-129,2026-07-15T20:20:00+08:00,2026-07-16T01:20:00+08:00,5.00,80.00,Silver,0.10,72.00,360.00,300,150.00,210.00,26,GCash
SESS-20260715-2721-0251,M-1080,PC-059,2026-07-15T20:25:00+08:00,2026-07-15T22:25:00+08:00,2.00,50.00,Silver,0.10,45.00,90.00,0,0.00,90.00,11,Cash
SESS-20260715-8764-0040,M-1005,PC-098,2026-07-15T20:30:00+08:00,2026-07-15T21:30:00+08:00,1.00,50.00,Standard,0.00,50.00,50.00,0,0.00,50.00,5,GCash
SESS-20260715-9022-0046,M-1049,PC-147,2026-07-15T20:30:00+08:00,2026-07-15T22:30:00+08:00,2.00,80.00,Silver,0.10,72.00,144.00,0,0.00,144.00,18,Cash
SESS-20260715-9414-0119,M-1622,PC-013,2026-07-15T20:30:00+08:00,2026-07-15T22:30:00+08:00,2.00,50.00,Standard,0.00,50.00,100.00,0,0.00,100.00,10,GCash
SESS-20260715-9652-0269,M-1164,PC-018,2026-07-15T20:30:00+08:00,2026-07-16T01:30:00+08:00,5.00,50.00,Silver,0.10,45.00,225.00,0,0.00,225.00,28,GCash
SESS-20260715-4243-0296,M-1834,PC-174,2026-07-15T20:30:00+08:00,2026-07-15T23:30:00+08:00,3.00,120.00,Silver,0.10,108.00,324.00,0,0.00,324.00,40,Cash
SESS-20260715-3232-0333,M-1251,PC-116,2026-07-15T20:30:00+08:00,2026-07-15T22:30:00+08:00,2.00,80.00,Standard,0.00,80.00,160.00,0,0.00,160.00,16,GCash
SESS-20260715-9160-0395,M-1027,PC-173,2026-07-15T20:30:00+08:00,2026-07-15T21:30:00+08:00,1.00,120.00,Silver,0.10,108.00,108.00,0,0.00,108.00,13,GCash
SESS-20260715-5430-0419,M-1146,PC-169,2026-07-15T20:30:00+08:00,2026-07-15T22:30:00+08:00,2.00,120.00,Gold,0.20,96.00,192.00,300,150.00,42.00,6,Credit Card
SESS-20260715-5610-0431,M-1239,PC-006,2026-07-15T20:35:00+08:00,2026-07-15T22:35:00+08:00,2.00,50.00,Silver,0.10,45.00,90.00,0,0.00,90.00,11,GCash
SESS-20260715-9881-0118,M-1554,PC-007,2026-07-15T20:45:00+08:00,2026-07-16T04:45:00+08:00,8.00,50.00,Silver,0.10,45.00,360.00,0,0.00,360.00,45,Maya
SESS-20260715-9224-0199,M-1592,PC-024,2026-07-15T20:45:00+08:00,2026-07-15T22:45:00+08:00,2.00,50.00,Silver,0.10,45.00,90.00,0,0.00,90.00,11,Cash
SESS-20260715-8301-0205,M-1173,PC-065,2026-07-15T20:45:00+08:00,2026-07-16T01:45:00+08:00,5.00,50.00,Gold,0.20,40.00,200.00,100,50.00,150.00,22,GCash
SESS-20260715-5815-0237,M-1609,PC-076,2026-07-15T20:45:00+08:00,2026-07-16T01:45:00+08:00,5.00,50.00,Silver,0.10,45.00,225.00,300,150.00,75.00,9,GCash
SESS-20260715-3717-0256,M-1377,PC-134,2026-07-15T20:45:00+08:00,2026-07-15T23:45:00+08:00,3.00,80.00,Silver,0.10,72.00,216.00,0,0.00,216.00,27,GCash
SESS-20260715-1098-0295,M-1800,PC-140,2026-07-15T20:45:00+08:00,2026-07-16T01:45:00+08:00,5.00,80.00,Silver,0.10,72.00,360.00,0,0.00,360.00,45,GCash
SESS-20260715-4643-0318,M-1438,PC-067,2026-07-15T20:45:00+08:00,2026-07-15T23:45:00+08:00,3.00,50.00,Gold,0.20,40.00,120.00,0,0.00,120.00,18,GCash
SESS-20260715-3703-0341,M-2075,PC-139,2026-07-15T20:45:00+08:00,2026-07-15T22:45:00+08:00,2.00,80.00,Standard,0.00,80.00,160.00,0,0.00,160.00,16,Maya
SESS-20260715-5341-0363,M-1530,PC-023,2026-07-15T20:45:00+08:00,2026-07-15T21:45:00+08:00,1.00,50.00,Gold,0.20,40.00,40.00,0,0.00,40.00,6,Cash
SESS-20260715-7129-0366,M-1292,PC-086,2026-07-15T20:45:00+08:00,2026-07-15T22:45:00+08:00,2.00,50.00,Silver,0.10,45.00,90.00,0,0.00,90.00,11,Cash
SESS-20260715-8677-0172,M-1414,PC-080,2026-07-15T20:50:00+08:00,2026-07-16T01:50:00+08:00,5.00,50.00,Silver,0.10,45.00,225.00,0,0.00,225.00,28,GCash
SESS-20260715-4985-0274,M-1336,PC-121,2026-07-15T20:55:00+08:00,2026-07-15T23:55:00+08:00,3.00,80.00,Silver,0.10,72.00,216.00,0,0.00,216.00,27,Maya
SESS-20260715-4633-0089,M-1148,PC-026,2026-07-15T21:00:00+08:00,2026-07-15T22:00:00+08:00,1.00,50.00,Silver,0.10,45.00,45.00,0,0.00,45.00,5,GCash
SESS-20260715-6433-0115,M-1433,PC-088,2026-07-15T21:00:00+08:00,2026-07-15T23:00:00+08:00,2.00,50.00,Standard,0.00,50.00,100.00,0,0.00,100.00,10,Cash
SESS-20260715-4794-0126,M-2114,PC-152,2026-07-15T21:00:00+08:00,2026-07-15T22:00:00+08:00,1.00,120.00,Standard,0.00,120.00,120.00,0,0.00,120.00,12,Credit Card
SESS-20260715-8239-0241,M-1308,PC-123,2026-07-15T21:00:00+08:00,2026-07-15T23:00:00+08:00,2.00,80.00,Silver,0.10,72.00,144.00,0,0.00,144.00,18,GCash
SESS-20260715-7766-0428,M-1404,PC-172,2026-07-15T21:00:00+08:00,2026-07-15T22:00:00+08:00,1.00,120.00,Silver,0.10,108.00,108.00,0,0.00,108.00,13,Cash
SESS-20260715-3304-0121,M-1191,PC-099,2026-07-15T21:05:00+08:00,2026-07-15T23:05:00+08:00,2.00,50.00,Standard,0.00,50.00,100.00,100,50.00,50.00,5,GCash
SESS-20260715-2559-0434,M-1597,PC-096,2026-07-15T21:05:00+08:00,2026-07-16T00:05:00+08:00,3.00,50.00,Silver,0.10,45.00,135.00,0,0.00,135.00,16,Credit Card
SESS-20260715-1369-0082,M-1195,PC-168,2026-07-15T21:10:00+08:00,2026-07-15T23:10:00+08:00,2.00,120.00,Silver,0.10,108.00,216.00,0,0.00,216.00,27,GCash
SESS-20260715-5922-0120,M-1192,PC-155,2026-07-15T21:10:00+08:00,2026-07-16T00:10:00+08:00,3.00,120.00,Silver,0.10,108.00,324.00,0,0.00,324.00,40,GCash
SESS-20260715-5697-0211,M-1566,PC-064,2026-07-15T21:10:00+08:00,2026-07-16T05:10:00+08:00,8.00,50.00,Silver,0.10,45.00,360.00,100,50.00,310.00,38,Maya
SESS-20260715-8237-0259,M-1415,PC-092,2026-07-15T21:10:00+08:00,2026-07-16T00:10:00+08:00,3.00,50.00,Gold,0.20,40.00,120.00,0,0.00,120.00,18,Maya
SESS-20260715-5541-0376,M-2169,PC-131,2026-07-15T21:10:00+08:00,2026-07-16T02:10:00+08:00,5.00,80.00,Standard,0.00,80.00,400.00,0,0.00,400.00,40,Credit Card
SESS-20260715-1363-0068,M-1830,PC-048,2026-07-15T21:15:00+08:00,2026-07-15T23:15:00+08:00,2.00,50.00,Silver,0.10,45.00,90.00,0,0.00,90.00,11,GCash
SESS-20260715-4819-0104,M-1176,PC-095,2026-07-15T21:15:00+08:00,2026-07-16T00:15:00+08:00,3.00,50.00,Silver,0.10,45.00,135.00,0,0.00,135.00,16,Cash
SESS-20260715-9035-0160,M-1006,PC-175,2026-07-15T21:15:00+08:00,2026-07-15T23:15:00+08:00,2.00,120.00,Silver,0.10,108.00,216.00,100,50.00,166.00,20,Maya
SESS-20260715-9394-0254,M-1836,PC-151,2026-07-15T21:15:00+08:00,2026-07-16T00:15:00+08:00,3.00,120.00,Standard,0.00,120.00,360.00,0,0.00,360.00,36,GCash
SESS-20260715-6210-0338,M-1564,PC-004,2026-07-15T21:15:00+08:00,2026-07-16T00:15:00+08:00,3.00,50.00,Silver,0.10,45.00,135.00,0,0.00,135.00,16,Cash
SESS-20260715-3251-0367,M-1364,PC-010,2026-07-15T21:15:00+08:00,2026-07-15T23:15:00+08:00,2.00,50.00,Silver,0.10,45.00,90.00,0,0.00,90.00,11,Cash
SESS-20260715-9925-0430,M-1252,PC-070,2026-07-15T21:15:00+08:00,2026-07-16T02:15:00+08:00,5.00,50.00,Silver,0.10,45.00,225.00,0,0.00,225.00,28,GCash
SESS-20260715-4396-0110,M-1359,PC-016,2026-07-15T21:20:00+08:00,2026-07-16T02:20:00+08:00,5.00,50.00,Gold,0.20,40.00,200.00,200,100.00,100.00,15,Maya
SESS-20260715-4584-0216,M-1118,PC-137,2026-07-15T21:20:00+08:00,2026-07-16T02:20:00+08:00,5.00,80.00,Silver,0.10,72.00,360.00,100,50.00,310.00,38,GCash
SESS-20260715-4104-0248,M-1588,PC-051,2026-07-15T21:20:00+08:00,2026-07-15T23:20:00+08:00,2.00,50.00,Gold,0.20,40.00,80.00,0,0.00,80.00,12,GCash
SESS-20260715-6244-0317,M-1063,PC-041,2026-07-15T21:20:00+08:00,2026-07-16T00:20:00+08:00,3.00,50.00,Silver,0.10,45.00,135.00,0,0.00,135.00,16,GCash
SESS-20260715-8462-0326,M-1282,PC-150,2026-07-15T21:20:00+08:00,2026-07-16T02:20:00+08:00,5.00,80.00,Gold,0.20,64.00,320.00,300,150.00,170.00,25,Maya
SESS-20260715-1328-0398,M-1925,PC-103,2026-07-15T21:20:00+08:00,2026-07-16T00:20:00+08:00,3.00,80.00,Standard,0.00,80.00,240.00,100,50.00,190.00,19,Credit Card
SESS-20260715-3308-0415,M-1732,PC-144,2026-07-15T21:20:00+08:00,2026-07-15T23:20:00+08:00,2.00,80.00,Silver,0.10,72.00,144.00,0,0.00,144.00,18,GCash
SESS-20260715-7049-0021,M-1320,PC-106,2026-07-15T21:30:00+08:00,2026-07-15T22:30:00+08:00,1.00,80.00,Silver,0.10,72.00,72.00,0,0.00,72.00,9,GCash
SESS-20260715-8260-0026,M-1625,PC-027,2026-07-15T21:30:00+08:00,2026-07-15T23:30:00+08:00,2.00,50.00,Gold,0.20,40.00,80.00,100,50.00,30.00,4,GCash
SESS-20260715-4258-0076,M-1930,PC-136,2026-07-15T21:30:00+08:00,2026-07-16T00:30:00+08:00,3.00,80.00,Standard,0.00,80.00,240.00,0,0.00,240.00,24,Cash
SESS-20260715-4687-0079,M-1395,PC-074,2026-07-15T21:30:00+08:00,2026-07-16T00:30:00+08:00,3.00,50.00,Silver,0.10,45.00,135.00,0,0.00,135.00,16,GCash
SESS-20260715-8622-0103,M-1355,PC-160,2026-07-15T21:30:00+08:00,2026-07-15T23:30:00+08:00,2.00,120.00,Silver,0.10,108.00,216.00,0,0.00,216.00,27,Maya
SESS-20260715-6678-0107,M-1793,PC-135,2026-07-15T21:30:00+08:00,2026-07-16T00:30:00+08:00,3.00,80.00,Gold,0.20,64.00,192.00,300,150.00,42.00,6,GCash
SESS-20260715-9752-0114,M-1556,PC-124,2026-07-15T21:30:00+08:00,2026-07-15T22:30:00+08:00,1.00,80.00,Standard,0.00,80.00,80.00,0,0.00,80.00,8,Cash
SESS-20260715-5746-0127,M-1314,PC-125,2026-07-15T21:30:00+08:00,2026-07-15T22:30:00+08:00,1.00,80.00,Standard,0.00,80.00,80.00,0,0.00,80.00,8,Cash
SESS-20260715-2996-0187,M-2167,PC-133,2026-07-15T21:30:00+08:00,2026-07-15T23:30:00+08:00,2.00,80.00,Standard,0.00,80.00,160.00,0,0.00,160.00,16,Maya
SESS-20260715-5230-0272,M-1058,PC-159,2026-07-15T21:30:00+08:00,2026-07-15T22:30:00+08:00,1.00,120.00,Silver,0.10,108.00,108.00,200,100.00,8.00,1,Cash
SESS-20260715-2009-0284,M-1185,PC-060,2026-07-15T21:30:00+08:00,2026-07-16T00:30:00+08:00,3.00,50.00,Standard,0.00,50.00,150.00,0,0.00,150.00,15,GCash
SESS-20260715-8799-0286,M-1072,PC-154,2026-07-15T21:30:00+08:00,2026-07-16T00:30:00+08:00,3.00,120.00,Standard,0.00,120.00,360.00,0,0.00,360.00,36,GCash
SESS-20260715-6551-0390,M-1398,PC-163,2026-07-15T21:30:00+08:00,2026-07-15T23:30:00+08:00,2.00,120.00,Gold,0.20,96.00,192.00,0,0.00,192.00,28,Cash
SESS-20260715-1796-0407,M-1456,PC-130,2026-07-15T21:30:00+08:00,2026-07-16T00:30:00+08:00,3.00,80.00,Silver,0.10,72.00,216.00,300,150.00,66.00,8,Cash
SESS-20260715-3265-0409,M-1104,PC-153,2026-07-15T21:30:00+08:00,2026-07-16T02:30:00+08:00,5.00,120.00,Silver,0.10,108.00,540.00,0,0.00,540.00,67,Maya
SESS-20260715-7388-0265,M-2113,PC-098,2026-07-15T21:35:00+08:00,2026-07-15T23:35:00+08:00,2.00,50.00,Standard,0.00,50.00,100.00,0,0.00,100.00,10,GCash
SESS-20260715-6292-0397,M-1835,PC-173,2026-07-15T21:35:00+08:00,2026-07-16T05:35:00+08:00,8.00,120.00,Silver,0.10,108.00,864.00,0,0.00,864.00,108,Credit Card
SESS-20260715-6372-0239,M-1629,PC-149,2026-07-15T21:40:00+08:00,2026-07-15T22:40:00+08:00,1.00,80.00,Standard,0.00,80.00,80.00,0,0.00,80.00,8,Cash
SESS-20260715-8134-0000,M-1600,PC-079,2026-07-15T21:45:00+08:00,2026-07-15T23:45:00+08:00,2.00,50.00,Standard,0.00,50.00,100.00,0,0.00,100.00,10,Maya
SESS-20260715-2203-0028,M-1360,PC-091,2026-07-15T21:45:00+08:00,2026-07-15T22:45:00+08:00,1.00,50.00,Standard,0.00,50.00,50.00,0,0.00,50.00,5,Cash
SESS-20260715-6728-0042,M-1067,PC-050,2026-07-15T21:45:00+08:00,2026-07-16T02:45:00+08:00,5.00,50.00,Silver,0.10,45.00,225.00,0,0.00,225.00,28,Maya
SESS-20260715-3109-0064,M-1832,PC-053,2026-07-15T21:45:00+08:00,2026-07-16T00:45:00+08:00,3.00,50.00,Standard,0.00,50.00,150.00,100,50.00,100.00,10,Maya
SESS-20260715-3316-0139,M-1410,PC-054,2026-07-15T21:45:00+08:00,2026-07-15T23:45:00+08:00,2.00,50.00,Gold,0.20,40.00,80.00,0,0.00,80.00,12,Maya
SESS-20260715-2820-0161,M-1110,PC-035,2026-07-15T21:45:00+08:00,2026-07-16T00:45:00+08:00,3.00,50.00,Silver,0.10,45.00,135.00,0,0.00,135.00,16,GCash
SESS-20260715-7942-0177,M-1546,PC-021,2026-07-15T21:45:00+08:00,2026-07-16T02:45:00+08:00,5.00,50.00,Silver,0.10,45.00,225.00,0,0.00,225.00,28,Maya
SESS-20260715-3678-0192,M-1641,PC-036,2026-07-15T21:45:00+08:00,2026-07-16T02:45:00+08:00,5.00,50.00,Standard,0.00,50.00,250.00,0,0.00,250.00,25,GCash
SESS-20260715-4960-0250,M-1379,PC-066,2026-07-15T21:45:00+08:00,2026-07-15T22:45:00+08:00,1.00,50.00,Standard,0.00,50.00,50.00,100,50.00,0.00,0,GCash
SESS-20260715-4962-0252,M-1338,PC-056,2026-07-15T21:45:00+08:00,2026-07-16T02:45:00+08:00,5.00,50.00,Standard,0.00,50.00,250.00,0,0.00,250.00,25,GCash
SESS-20260715-5302-0260,M-1585,PC-009,2026-07-15T21:45:00+08:00,2026-07-16T02:45:00+08:00,5.00,50.00,Silver,0.10,45.00,225.00,0,0.00,225.00,28,GCash
SESS-20260715-3603-0319,M-1115,PC-102,2026-07-15T21:45:00+08:00,2026-07-16T00:45:00+08:00,3.00,80.00,Standard,0.00,80.00,240.00,100,50.00,190.00,19,Cash
SESS-20260715-1508-0343,M-1388,PC-122,2026-07-15T21:45:00+08:00,2026-07-15T22:45:00+08:00,1.00,80.00,Silver,0.10,72.00,72.00,0,0.00,72.00,9,Maya
SESS-20260715-4728-0356,M-1582,PC-014,2026-07-15T21:45:00+08:00,2026-07-15T23:45:00+08:00,2.00,50.00,Silver,0.10,45.00,90.00,0,0.00,90.00,11,Maya
SESS-20260715-2606-0403,M-1295,PC-142,2026-07-15T21:45:00+08:00,2026-07-15T23:45:00+08:00,2.00,80.00,Standard,0.00,80.00,160.00,0,0.00,160.00,16,Cash
SESS-20260715-6384-0427,M-1087,PC-039,2026-07-15T21:45:00+08:00,2026-07-15T22:45:00+08:00,1.00,50.00,Gold,0.20,40.00,40.00,0,0.00,40.00,6,GCash
SESS-20260715-3210-0097,M-1603,PC-120,2026-07-15T21:50:00+08:00,2026-07-16T02:50:00+08:00,5.00,80.00,Silver,0.10,72.00,360.00,600,300.00,60.00,7,Cash
SESS-20260715-8630-0158,M-1268,PC-047,2026-07-15T21:50:00+08:00,2026-07-15T22:50:00+08:00,1.00,50.00,Standard,0.00,50.00,50.00,0,0.00,50.00,5,Maya
SESS-20260715-1972-0292,M-1721,PC-097,2026-07-15T21:50:00+08:00,2026-07-16T00:50:00+08:00,3.00,50.00,Standard,0.00,50.00,150.00,100,50.00,100.00,10,GCash
SESS-20260715-6807-0391,M-1298,PC-023,2026-07-15T21:50:00+08:00,2026-07-16T00:50:00+08:00,3.00,50.00,Silver,0.10,45.00,135.00,0,0.00,135.00,16,Cash
SESS-20260715-6786-0426,M-1247,PC-090,2026-07-15T21:50:00+08:00,2026-07-15T23:50:00+08:00,2.00,50.00,Gold,0.20,40.00,80.00,100,50.00,30.00,4,Cash
SESS-20260715-5360-0156,M-1256,PC-015,2026-07-15T21:55:00+08:00,2026-07-15T23:55:00+08:00,2.00,50.00,Silver,0.10,45.00,90.00,0,0.00,90.00,11,GCash
SESS-20260715-7709-0185,M-1611,PC-156,2026-07-15T21:55:00+08:00,2026-07-15T22:55:00+08:00,1.00,120.00,Silver,0.10,108.00,108.00,0,0.00,108.00,13,GCash
SESS-20260715-5806-0249,M-1021,PC-003,2026-07-15T21:55:00+08:00,2026-07-15T23:55:00+08:00,2.00,50.00,Silver,0.10,45.00,90.00,100,50.00,40.00,5,Cash
SESS-20260715-7998-0293,M-1249,PC-032,2026-07-15T21:55:00+08:00,2026-07-16T02:55:00+08:00,5.00,50.00,Silver,0.10,45.00,225.00,100,50.00,175.00,21,Maya
SESS-20260715-9621-0387,M-2023,PC-132,2026-07-15T21:55:00+08:00,2026-07-15T22:55:00+08:00,1.00,80.00,Standard,0.00,80.00,80.00,0,0.00,80.00,8,Credit Card
SESS-20260715-2796-0393,M-1108,PC-037,2026-07-15T21:55:00+08:00,2026-07-16T00:55:00+08:00,3.00,50.00,Silver,0.10,45.00,135.00,0,0.00,135.00,16,GCash
SESS-20260715-1628-0014,M-1074,PC-101,2026-07-15T22:00:00+08:00,2026-07-16T00:00:00+08:00,2.00,80.00,Silver,0.10,72.00,144.00,0,0.00,144.00,18,GCash
SESS-20260715-9495-0134,M-1685,PC-166,2026-07-15T22:00:00+08:00,2026-07-15T23:00:00+08:00,1.00,120.00,Silver,0.10,108.00,108.00,200,100.00,8.00,1,GCash
SESS-20260715-3624-0159,M-1004,PC-104,2026-07-15T22:00:00+08:00,2026-07-16T00:00:00+08:00,2.00,80.00,Silver,0.10,72.00,144.00,0,0.00,144.00,18,GCash
SESS-20260715-5099-0203,M-1656,PC-045,2026-07-15T22:00:00+08:00,2026-07-16T00:00:00+08:00,2.00,50.00,Silver,0.10,45.00,90.00,100,50.00,40.00,5,Maya
SESS-20260715-8043-0247,M-1689,PC-157,2026-07-15T22:00:00+08:00,2026-07-16T00:00:00+08:00,2.00,120.00,Silver,0.10,108.00,216.00,0,0.00,216.00,27,Cash
SESS-20260715-9507-0280,M-1426,PC-171,2026-07-15T22:00:00+08:00,2026-07-16T00:00:00+08:00,2.00,120.00,Silver,0.10,108.00,216.00,0,0.00,216.00,27,GCash
SESS-20260715-9745-0304,M-1280,PC-165,2026-07-15T22:00:00+08:00,2026-07-16T03:00:00+08:00,5.00,120.00,Silver,0.10,108.00,540.00,0,0.00,540.00,67,Credit Card
SESS-20260715-7502-0131,M-1448,PC-152,2026-07-15T22:05:00+08:00,2026-07-16T00:05:00+08:00,2.00,120.00,Silver,0.10,108.00,216.00,0,0.00,216.00,27,GCash
SESS-20260715-7143-0358,M-2143,PC-089,2026-07-15T22:05:00+08:00,2026-07-15T23:05:00+08:00,1.00,50.00,Standard,0.00,50.00,50.00,0,0.00,50.00,5,GCash
SESS-20260715-6709-0361,M-1602,PC-112,2026-07-15T22:05:00+08:00,2026-07-15T23:05:00+08:00,1.00,80.00,Silver,0.10,72.00,72.00,0,0.00,72.00,9,Maya
SESS-20260715-7692-0141,M-1285,PC-062,2026-07-15T22:10:00+08:00,2026-07-16T00:10:00+08:00,2.00,50.00,Silver,0.10,45.00,90.00,0,0.00,90.00,11,GCash
SESS-20260715-3786-0217,M-1615,PC-026,2026-07-15T22:10:00+08:00,2026-07-16T01:10:00+08:00,3.00,50.00,Silver,0.10,45.00,135.00,0,0.00,135.00,16,Cash
SESS-20260715-7089-0266,M-1550,PC-081,2026-07-15T22:10:00+08:00,2026-07-15T23:10:00+08:00,1.00,50.00,Standard,0.00,50.00,50.00,0,0.00,50.00,5,Cash
SESS-20260715-6177-0018,M-2190,PC-161,2026-07-15T22:15:00+08:00,2026-07-16T03:15:00+08:00,5.00,120.00,Standard,0.00,120.00,600.00,0,0.00,600.00,60,Credit Card
SESS-20260715-3060-0037,M-1648,PC-011,2026-07-15T22:15:00+08:00,2026-07-15T23:15:00+08:00,1.00,50.00,Gold,0.20,40.00,40.00,0,0.00,40.00,6,Credit Card
SESS-20260715-6595-0056,M-1196,PC-158,2026-07-15T22:15:00+08:00,2026-07-16T06:15:00+08:00,8.00,120.00,Silver,0.10,108.00,864.00,0,0.00,864.00,108,Maya
SESS-20260715-1936-0098,M-1515,PC-087,2026-07-15T22:15:00+08:00,2026-07-15T23:15:00+08:00,1.00,50.00,Silver,0.10,45.00,45.00,0,0.00,45.00,5,GCash
SESS-20260715-8160-0117,M-1719,PC-049,2026-07-15T22:15:00+08:00,2026-07-16T00:15:00+08:00,2.00,50.00,Silver,0.10,45.00,90.00,100,50.00,40.00,5,GCash
SESS-20260715-5745-0321,M-1627,PC-167,2026-07-15T22:15:00+08:00,2026-07-15T23:15:00+08:00,1.00,120.00,Silver,0.10,108.00,108.00,0,0.00,108.00,13,Maya
SESS-20260715-5145-0381,M-1061,PC-057,2026-07-15T22:15:00+08:00,2026-07-15T23:15:00+08:00,1.00,50.00,Silver,0.10,45.00,45.00,0,0.00,45.00,5,GCash
SESS-20260715-8334-0384,M-1406,PC-029,2026-07-15T22:15:00+08:00,2026-07-15T23:15:00+08:00,1.00,50.00,Silver,0.10,45.00,45.00,0,0.00,45.00,5,GCash
SESS-20260715-3792-0435,M-1290,PC-172,2026-07-15T22:15:00+08:00,2026-07-16T00:15:00+08:00,2.00,120.00,Silver,0.10,108.00,216.00,0,0.00,216.00,27,GCash
SESS-20260715-1803-0200,M-1339,PC-046,2026-07-15T22:20:00+08:00,2026-07-16T00:20:00+08:00,2.00,50.00,Standard,0.00,50.00,100.00,0,0.00,100.00,10,Maya
SESS-20260715-8386-0226,M-1745,PC-025,2026-07-15T22:20:00+08:00,2026-07-16T00:20:00+08:00,2.00,50.00,Silver,0.10,45.00,90.00,0,0.00,90.00,11,Maya
SESS-20260715-8531-0322,M-1296,PC-069,2026-07-15T22:20:00+08:00,2026-07-16T00:20:00+08:00,2.00,50.00,Gold,0.20,40.00,80.00,0,0.00,80.00,12,GCash
SESS-20260715-1020-0112,M-1023,PC-082,2026-07-15T22:25:00+08:00,2026-07-16T03:25:00+08:00,5.00,50.00,Standard,0.00,50.00,250.00,0,0.00,250.00,25,Cash
SESS-20260715-3023-0030,M-1181,PC-043,2026-07-15T22:30:00+08:00,2026-07-16T03:30:00+08:00,5.00,50.00,Silver,0.10,45.00,225.00,0,0.00,225.00,28,GCash
SESS-20260715-2661-0142,M-1587,PC-072,2026-07-15T22:30:00+08:00,2026-07-16T00:30:00+08:00,2.00,50.00,Gold,0.20,40.00,80.00,0,0.00,80.00,12,Cash
SESS-20260715-8637-0353,M-1353,PC-117,2026-07-15T22:30:00+08:00,2026-07-16T00:30:00+08:00,2.00,80.00,Silver,0.10,72.00,144.00,0,0.00,144.00,18,GCash
SESS-20260715-9204-0413,M-1472,PC-042,2026-07-15T22:30:00+08:00,2026-07-16T03:30:00+08:00,5.00,50.00,Silver,0.10,45.00,225.00,100,50.00,175.00,21,GCash
SESS-20260715-1698-0227,M-1127,PC-013,2026-07-15T22:35:00+08:00,2026-07-16T03:35:00+08:00,5.00,50.00,Silver,0.10,45.00,225.00,0,0.00,225.00,28,GCash
SESS-20260715-3134-0301,M-1481,PC-063,2026-07-15T22:35:00+08:00,2026-07-16T00:35:00+08:00,2.00,50.00,Silver,0.10,45.00,90.00,0,0.00,90.00,11,GCash
SESS-20260715-9852-0368,M-1447,PC-116,2026-07-15T22:35:00+08:00,2026-07-16T03:35:00+08:00,5.00,80.00,Silver,0.10,72.00,360.00,100,50.00,310.00,38,GCash
SESS-20260715-9176-0399,M-1224,PC-058,2026-07-15T22:35:00+08:00,2026-07-16T01:35:00+08:00,3.00,50.00,Silver,0.10,45.00,135.00,0,0.00,135.00,16,GCash
SESS-20260715-1406-0196,M-2002,PC-125,2026-07-15T22:40:00+08:00,2026-07-16T01:40:00+08:00,3.00,80.00,Standard,0.00,80.00,240.00,0,0.00,240.00,24,Credit Card
SESS-20260715-1207-0207,M-1007,PC-052,2026-07-15T22:40:00+08:00,2026-07-15T23:40:00+08:00,1.00,50.00,Silver,0.10,45.00,45.00,0,0.00,45.00,5,Credit Card
SESS-20260715-1871-0267,M-1055,PC-124,2026-07-15T22:40:00+08:00,2026-07-16T01:40:00+08:00,3.00,80.00,Silver,0.10,72.00,216.00,0,0.00,216.00,27,Cash
SESS-20260715-3006-0436,M-1205,PC-006,2026-07-15T22:40:00+08:00,2026-07-16T00:40:00+08:00,2.00,50.00,Silver,0.10,45.00,90.00,100,50.00,40.00,5,Credit Card
SESS-20260715-1073-0023,M-1519,PC-061,2026-07-15T22:45:00+08:00,2026-07-16T03:45:00+08:00,5.00,50.00,Silver,0.10,45.00,225.00,0,0.00,225.00,28,GCash
SESS-20260715-5064-0051,M-1311,PC-106,2026-07-15T22:45:00+08:00,2026-07-16T00:45:00+08:00,2.00,80.00,Standard,0.00,80.00,160.00,0,0.00,160.00,16,Maya
SESS-20260715-2570-0067,M-1262,PC-147,2026-07-15T22:45:00+08:00,2026-07-16T03:45:00+08:00,5.00,80.00,Silver,0.10,72.00,360.00,0,0.00,360.00,45,GCash
SESS-20260715-4548-0136,M-1527,PC-111,2026-07-15T22:45:00+08:00,2026-07-16T03:45:00+08:00,5.00,80.00,Silver,0.10,72.00,360.00,0,0.00,360.00,45,GCash
SESS-20260715-2733-0202,M-1822,PC-031,2026-07-15T22:45:00+08:00,2026-07-16T00:45:00+08:00,2.00,50.00,Silver,0.10,45.00,90.00,100,50.00,40.00,5,GCash
SESS-20260715-4362-0230,M-1897,PC-024,2026-07-15T22:45:00+08:00,2026-07-16T01:45:00+08:00,3.00,50.00,Standard,0.00,50.00,150.00,0,0.00,150.00,15,Maya
SESS-20260715-1057-0236,M-1709,PC-019,2026-07-15T22:45:00+08:00,2026-07-16T00:45:00+08:00,2.00,50.00,Silver,0.10,45.00,90.00,0,0.00,90.00,11,Maya
SESS-20260715-4418-0238,M-1030,PC-084,2026-07-15T22:45:00+08:00,2026-07-16T00:45:00+08:00,2.00,50.00,Standard,0.00,50.00,100.00,0,0.00,100.00,10,Cash
SESS-20260715-7978-0277,M-1725,PC-159,2026-07-15T22:45:00+08:00,2026-07-16T01:45:00+08:00,3.00,120.00,Silver,0.10,108.00,324.00,0,0.00,324.00,40,Maya
SESS-20260715-2700-0299,M-1947,PC-119,2026-07-15T22:45:00+08:00,2026-07-16T01:45:00+08:00,3.00,80.00,Standard,0.00,80.00,240.00,0,0.00,240.00,24,Cash
SESS-20260715-1913-0320,M-1595,PC-040,2026-07-15T22:45:00+08:00,2026-07-16T00:45:00+08:00,2.00,50.00,Silver,0.10,45.00,90.00,0,0.00,90.00,11,GCash
SESS-20260715-2892-0332,M-1673,PC-059,2026-07-15T22:45:00+08:00,2026-07-16T01:45:00+08:00,3.00,50.00,Silver,0.10,45.00,135.00,0,0.00,135.00,16,GCash
SESS-20260715-6321-0402,M-1189,PC-017,2026-07-15T22:45:00+08:00,2026-07-16T00:45:00+08:00,2.00,50.00,Silver,0.10,45.00,90.00,100,50.00,40.00,5,GCash
SESS-20260715-7815-0432,M-1160,PC-169,2026-07-15T22:45:00+08:00,2026-07-16T01:45:00+08:00,3.00,120.00,Standard,0.00,120.00,360.00,0,0.00,360.00,36,GCash
SESS-20260715-8264-0149,M-1272,PC-162,2026-07-15T22:50:00+08:00,2026-07-16T00:50:00+08:00,2.00,120.00,Gold,0.20,96.00,192.00,0,0.00,192.00,28,GCash
SESS-20260715-9230-0276,M-1068,PC-114,2026-07-15T22:50:00+08:00,2026-07-16T01:50:00+08:00,3.00,80.00,Standard,0.00,80.00,240.00,0,0.00,240.00,24,GCash
SESS-20260715-9328-0271,M-1389,PC-149,2026-07-15T22:55:00+08:00,2026-07-16T01:55:00+08:00,3.00,80.00,Silver,0.10,72.00,216.00,0,0.00,216.00,27,Credit Card
SESS-20260715-2309-0429,M-1946,PC-039,2026-07-15T22:55:00+08:00,2026-07-16T00:55:00+08:00,2.00,50.00,Standard,0.00,50.00,100.00,0,0.00,100.00,10,GCash
SESS-20260715-7340-0052,M-1679,PC-091,2026-07-15T23:00:00+08:00,2026-07-16T00:00:00+08:00,1.00,50.00,Silver,0.10,45.00,45.00,0,0.00,45.00,5,Maya
SESS-20260715-3302-0077,M-1767,PC-107,2026-07-15T23:00:00+08:00,2026-07-16T01:00:00+08:00,2.00,80.00,Silver,0.10,72.00,144.00,0,0.00,144.00,18,GCash
SESS-20260715-2202-0080,M-1532,PC-078,2026-07-15T23:00:00+08:00,2026-07-16T00:00:00+08:00,1.00,50.00,Standard,0.00,50.00,50.00,100,50.00,0.00,0,Cash
SESS-20260715-4884-0206,M-1820,PC-047,2026-07-15T23:00:00+08:00,2026-07-16T07:00:00+08:00,8.00,50.00,Silver,0.10,45.00,360.00,0,0.00,360.00,45,GCash
SESS-20260715-2673-0282,M-1934,PC-066,2026-07-15T23:00:00+08:00,2026-07-16T01:00:00+08:00,2.00,50.00,Standard,0.00,50.00,100.00,0,0.00,100.00,10,Maya
SESS-20260715-3401-0313,M-1761,PC-110,2026-07-15T23:00:00+08:00,2026-07-16T04:00:00+08:00,5.00,80.00,Standard,0.00,80.00,400.00,0,0.00,400.00,40,GCash
SESS-20260715-4802-0339,M-1720,PC-156,2026-07-15T23:00:00+08:00,2026-07-16T01:00:00+08:00,2.00,120.00,Silver,0.10,108.00,216.00,400,200.00,16.00,2,GCash
SESS-20260715-3868-0342,M-1216,PC-139,2026-07-15T23:00:00+08:00,2026-07-16T04:00:00+08:00,5.00,80.00,Gold,0.20,64.00,320.00,400,200.00,120.00,18,Maya
SESS-20260715-1239-0378,M-1387,PC-086,2026-07-15T23:00:00+08:00,2026-07-16T00:00:00+08:00,1.00,50.00,Silver,0.10,45.00,45.00,0,0.00,45.00,5,Maya
SESS-20260715-7782-0380,M-1033,PC-122,2026-07-15T23:00:00+08:00,2026-07-16T02:00:00+08:00,3.00,80.00,Standard,0.00,80.00,240.00,0,0.00,240.00,24,GCash
SESS-20260715-7331-0386,M-1623,PC-073,2026-07-15T23:00:00+08:00,2026-07-16T00:00:00+08:00,1.00,50.00,Silver,0.10,45.00,45.00,0,0.00,45.00,5,GCash
SESS-20260715-3948-0163,M-1886,PC-088,2026-07-15T23:05:00+08:00,2026-07-16T01:05:00+08:00,2.00,50.00,Standard,0.00,50.00,100.00,0,0.00,100.00,10,GCash
SESS-20260715-2722-0201,M-1325,PC-166,2026-07-15T23:05:00+08:00,2026-07-16T02:05:00+08:00,3.00,120.00,Silver,0.10,108.00,324.00,0,0.00,324.00,40,Credit Card
SESS-20260715-2825-0215,M-1284,PC-113,2026-07-15T23:05:00+08:00,2026-07-16T02:05:00+08:00,3.00,80.00,Silver,0.10,72.00,216.00,100,50.00,166.00,20,GCash
SESS-20260715-2627-0262,M-1271,PC-008,2026-07-15T23:05:00+08:00,2026-07-16T02:05:00+08:00,3.00,50.00,Silver,0.10,45.00,135.00,0,0.00,135.00,16,Maya
SESS-20260715-5524-0351,M-1561,PC-164,2026-07-15T23:05:00+08:00,2026-07-16T00:05:00+08:00,1.00,120.00,Silver,0.10,108.00,108.00,200,100.00,8.00,1,GCash
SESS-20260715-8578-0423,M-1538,PC-132,2026-07-15T23:10:00+08:00,2026-07-16T01:10:00+08:00,2.00,80.00,Standard,0.00,80.00,160.00,0,0.00,160.00,16,GCash
SESS-20260715-3103-0123,M-1111,PC-099,2026-07-15T23:15:00+08:00,2026-07-16T01:15:00+08:00,2.00,50.00,Silver,0.10,45.00,90.00,100,50.00,40.00,5,GCash
SESS-20260715-1656-0153,M-1781,PC-100,2026-07-15T23:15:00+08:00,2026-07-16T02:15:00+08:00,3.00,50.00,Gold,0.20,40.00,120.00,0,0.00,120.00,18,Maya
SESS-20260715-5213-0191,M-1803,PC-034,2026-07-15T23:15:00+08:00,2026-07-16T01:15:00+08:00,2.00,50.00,Silver,0.10,45.00,90.00,0,0.00,90.00,11,Cash
SESS-20260715-8312-0234,M-1139,PC-168,2026-07-15T23:15:00+08:00,2026-07-16T01:15:00+08:00,2.00,120.00,Silver,0.10,108.00,216.00,0,0.00,216.00,27,GCash
SESS-20260715-3063-0316,M-1739,PC-138,2026-07-15T23:15:00+08:00,2026-07-16T02:15:00+08:00,3.00,80.00,Silver,0.10,72.00,216.00,0,0.00,216.00,27,Maya
SESS-20260715-1949-0327,M-1394,PC-123,2026-07-15T23:15:00+08:00,2026-07-16T01:15:00+08:00,2.00,80.00,Silver,0.10,72.00,144.00,0,0.00,144.00,18,GCash
SESS-20260715-6987-0335,M-1708,PC-128,2026-07-15T23:15:00+08:00,2026-07-16T01:15:00+08:00,2.00,80.00,Silver,0.10,72.00,144.00,0,0.00,144.00,18,GCash
SESS-20260715-7261-0336,M-1553,PC-012,2026-07-15T23:15:00+08:00,2026-07-16T01:15:00+08:00,2.00,50.00,Standard,0.00,50.00,100.00,0,0.00,100.00,10,Maya
SESS-20260715-5707-0348,M-1219,PC-108,2026-07-15T23:15:00+08:00,2026-07-16T00:15:00+08:00,1.00,80.00,Standard,0.00,80.00,80.00,0,0.00,80.00,8,Maya
SESS-20260715-3395-0375,M-1268,PC-112,2026-07-15T23:15:00+08:00,2026-07-16T01:15:00+08:00,2.00,80.00,Standard,0.00,80.00,160.00,0,0.00,160.00,16,GCash
SESS-20260715-5959-0382,M-1383,PC-118,2026-07-15T23:15:00+08:00,2026-07-16T00:15:00+08:00,1.00,80.00,Standard,0.00,80.00,80.00,0,0.00,80.00,8,GCash
SESS-20260715-6979-0392,M-1539,PC-071,2026-07-15T23:15:00+08:00,2026-07-16T00:15:00+08:00,1.00,50.00,Gold,0.20,40.00,40.00,0,0.00,40.00,6,Cash
SESS-20260715-6666-0412,M-1483,PC-002,2026-07-15T23:15:00+08:00,2026-07-16T07:15:00+08:00,8.00,50.00,Silver,0.10,45.00,360.00,0,0.00,360.00,45,GCash
SESS-20260715-9658-0330,M-1270,PC-126,2026-07-15T23:20:00+08:00,2026-07-16T00:20:00+08:00,1.00,80.00,Silver,0.10,72.00,72.00,100,50.00,22.00,2,Maya
SESS-20260715-7826-0346,M-1537,PC-081,2026-07-15T23:20:00+08:00,2026-07-16T01:20:00+08:00,2.00,50.00,Standard,0.00,50.00,100.00,0,0.00,100.00,10,GCash
SESS-20260715-1977-0371,M-1913,PC-089,2026-07-15T23:20:00+08:00,2026-07-16T01:20:00+08:00,2.00,50.00,Standard,0.00,50.00,100.00,0,0.00,100.00,10,GCash
SESS-20260715-5795-0385,M-1738,PC-029,2026-07-15T23:20:00+08:00,2026-07-16T01:20:00+08:00,2.00,50.00,Silver,0.10,45.00,90.00,0,0.00,90.00,11,Credit Card
SESS-20260715-2149-0418,M-1694,PC-085,2026-07-15T23:20:00+08:00,2026-07-16T01:20:00+08:00,2.00,50.00,Standard,0.00,50.00,100.00,0,0.00,100.00,10,Credit Card
SESS-20260715-7400-0147,M-1782,PC-048,2026-07-15T23:25:00+08:00,2026-07-16T00:25:00+08:00,1.00,50.00,Gold,0.20,40.00,40.00,0,0.00,40.00,6,Cash
SESS-20260715-4770-0165,M-2107,PC-055,2026-07-15T23:25:00+08:00,2026-07-16T00:25:00+08:00,1.00,50.00,Standard,0.00,50.00,50.00,0,0.00,50.00,5,Maya
SESS-20260715-1083-0212,M-1444,PC-001,2026-07-15T23:25:00+08:00,2026-07-16T00:25:00+08:00,1.00,50.00,Gold,0.20,40.00,40.00,0,0.00,40.00,6,GCash
SESS-20260715-7723-0213,M-1461,PC-175,2026-07-15T23:25:00+08:00,2026-07-16T01:25:00+08:00,2.00,120.00,Silver,0.10,108.00,216.00,0,0.00,216.00,27,Cash
SESS-20260715-5480-0278,M-1616,PC-087,2026-07-15T23:25:00+08:00,2026-07-16T00:25:00+08:00,1.00,50.00,Standard,0.00,50.00,50.00,100,50.00,0.00,0,GCash
SESS-20260715-8226-0329,M-1315,PC-167,2026-07-15T23:25:00+08:00,2026-07-16T02:25:00+08:00,3.00,120.00,Silver,0.10,108.00,324.00,0,0.00,324.00,40,Cash
SESS-20260715-7471-0025,M-1662,PC-093,2026-07-15T23:30:00+08:00,2026-07-16T04:30:00+08:00,5.00,50.00,Standard,0.00,50.00,250.00,0,0.00,250.00,25,Cash
SESS-20260715-4030-0062,M-1409,PC-105,2026-07-15T23:30:00+08:00,2026-07-16T01:30:00+08:00,2.00,80.00,Silver,0.10,72.00,144.00,0,0.00,144.00,18,Maya
SESS-20260715-6471-0091,M-1165,PC-011,2026-07-15T23:30:00+08:00,2026-07-16T02:30:00+08:00,3.00,50.00,Standard,0.00,50.00,150.00,0,0.00,150.00,15,Cash
SESS-20260715-7397-0170,M-1419,PC-083,2026-07-15T23:30:00+08:00,2026-07-16T04:30:00+08:00,5.00,50.00,Standard,0.00,50.00,250.00,0,0.00,250.00,25,Credit Card
SESS-20260715-3502-0183,M-1094,PC-028,2026-07-15T23:30:00+08:00,2026-07-16T04:30:00+08:00,5.00,50.00,Silver,0.10,45.00,225.00,300,150.00,75.00,9,GCash
SESS-20260715-6196-0275,M-1669,PC-160,2026-07-15T23:30:00+08:00,2026-07-16T02:30:00+08:00,3.00,120.00,Standard,0.00,120.00,360.00,0,0.00,360.00,36,GCash
SESS-20260715-3734-0302,M-1240,PC-051,2026-07-15T23:30:00+08:00,2026-07-16T02:30:00+08:00,3.00,50.00,Silver,0.10,45.00,135.00,0,0.00,135.00,16,GCash
SESS-20260715-1325-0405,M-1864,PC-057,2026-07-15T23:30:00+08:00,2026-07-16T01:30:00+08:00,2.00,50.00,Standard,0.00,50.00,100.00,100,50.00,50.00,5,Credit Card
SESS-20260715-5891-0406,M-1614,PC-010,2026-07-15T23:30:00+08:00,2026-07-16T00:30:00+08:00,1.00,50.00,Silver,0.10,45.00,45.00,0,0.00,45.00,5,GCash
SESS-20260715-7605-0208,M-1382,PC-133,2026-07-15T23:35:00+08:00,2026-07-16T04:35:00+08:00,5.00,80.00,Silver,0.10,72.00,360.00,0,0.00,360.00,45,GCash
SESS-20260715-6704-0214,M-1727,PC-027,2026-07-15T23:35:00+08:00,2026-07-16T01:35:00+08:00,2.00,50.00,Standard,0.00,50.00,100.00,0,0.00,100.00,10,GCash
SESS-20260715-7161-0422,M-1643,PC-144,2026-07-15T23:35:00+08:00,2026-07-16T07:35:00+08:00,8.00,80.00,Silver,0.10,72.00,576.00,0,0.00,576.00,72,Maya
SESS-20260715-3254-0349,M-1512,PC-098,2026-07-15T23:40:00+08:00,2026-07-16T00:40:00+08:00,1.00,50.00,Standard,0.00,50.00,50.00,0,0.00,50.00,5,GCash
SESS-20260715-4844-0005,M-2063,PC-075,2026-07-15T23:45:00+08:00,2026-07-16T02:45:00+08:00,3.00,50.00,Standard,0.00,50.00,150.00,0,0.00,150.00,15,Cash
SESS-20260715-1476-0179,M-1753,PC-077,2026-07-15T23:45:00+08:00,2026-07-16T02:45:00+08:00,3.00,50.00,Silver,0.10,45.00,135.00,0,0.00,135.00,16,Maya
SESS-20260715-4891-0204,M-1321,PC-109,2026-07-15T23:45:00+08:00,2026-07-16T04:45:00+08:00,5.00,80.00,Silver,0.10,72.00,360.00,0,0.00,360.00,45,GCash
SESS-20260715-2493-0209,M-1792,PC-020,2026-07-15T23:45:00+08:00,2026-07-16T00:45:00+08:00,1.00,50.00,Gold,0.20,40.00,40.00,0,0.00,40.00,6,Cash
SESS-20260715-2411-0228,M-1624,PC-022,2026-07-15T23:45:00+08:00,2026-07-16T01:45:00+08:00,2.00,50.00,Gold,0.20,40.00,80.00,0,0.00,80.00,12,Credit Card
SESS-20260715-4799-0232,M-1814,PC-030,2026-07-15T23:45:00+08:00,2026-07-16T04:45:00+08:00,5.00,50.00,Silver,0.10,45.00,225.00,200,100.00,125.00,15,GCash
SESS-20260715-9386-0233,M-1141,PC-148,2026-07-15T23:45:00+08:00,2026-07-16T00:45:00+08:00,1.00,80.00,Standard,0.00,80.00,80.00,0,0.00,80.00,8,Credit Card
SESS-20260715-4909-0309,M-1975,PC-044,2026-07-15T23:45:00+08:00,2026-07-16T02:45:00+08:00,3.00,50.00,Standard,0.00,50.00,150.00,0,0.00,150.00,15,Cash
SESS-20260715-2512-0365,M-1410,PC-174,2026-07-15T23:45:00+08:00,2026-07-16T07:45:00+08:00,8.00,120.00,Gold,0.20,96.00,768.00,0,0.00,768.00,115,GCash
SESS-20260715-8472-0414,M-1147,PC-163,2026-07-15T23:45:00+08:00,2026-07-16T02:45:00+08:00,3.00,120.00,Silver,0.10,108.00,324.00,0,0.00,324.00,40,GCash
SESS-20260715-8511-0323,M-1329,PC-054,2026-07-15T23:50:00+08:00,2026-07-16T07:50:00+08:00,8.00,50.00,Silver,0.10,45.00,360.00,0,0.00,360.00,45,GCash
SESS-20260715-7284-0331,M-1737,PC-067,2026-07-15T23:50:00+08:00,2026-07-16T00:50:00+08:00,1.00,50.00,Silver,0.10,45.00,45.00,0,0.00,45.00,5,GCash
SESS-20260715-8886-0359,M-2110,PC-014,2026-07-15T23:50:00+08:00,2026-07-16T07:50:00+08:00,8.00,50.00,Standard,0.00,50.00,400.00,0,0.00,400.00,40,Cash
SESS-20260715-4742-0421,M-2023,PC-142,2026-07-15T23:50:00+08:00,2026-07-16T01:50:00+08:00,2.00,80.00,Standard,0.00,80.00,160.00,0,0.00,160.00,16,Credit Card
SESS-20260715-8206-0242,M-1465,PC-052,2026-07-15T23:55:00+08:00,2026-07-16T02:55:00+08:00,3.00,50.00,Silver,0.10,45.00,135.00,0,0.00,135.00,16,Credit Card
SESS-20260715-2617-0273,M-1664,PC-134,2026-07-15T23:55:00+08:00,2026-07-16T04:55:00+08:00,5.00,80.00,Gold,0.20,64.00,320.00,0,0.00,320.00,48,GCash
SESS-20260715-8952-0285,M-1790,PC-170,2026-07-15T23:55:00+08:00,2026-07-16T02:55:00+08:00,3.00,120.00,Silver,0.10,108.00,324.00,0,0.00,324.00,40,GCash
SESS-20260715-2844-0311,M-1458,PC-079,2026-07-15T23:55:00+08:00,2026-07-16T07:55:00+08:00,8.00,50.00,Silver,0.10,45.00,360.00,200,100.00,260.00,32,Maya
SESS-20260715-9813-0433,M-1083,PC-090,2026-07-15T23:55:00+08:00,2026-07-16T04:55:00+08:00,5.00,50.00,Silver,0.10,45.00,225.00,0,0.00,225.00,28,GCash
